coordinate_x,coordinate_y,cost,parent_coordinate_x,parent_coordinate_y
40,80,0,,
58.1935569916,62.8537326513,24.999999999993857,40,80
65.75870242,55.6696077437,35.43278850742754,58.1935569916,62.8537326513
72.3491468237,49.6092863729,44.38546054949013,58.1935569916,62.8537326513
60.0521797092,94.9301737736,24.99999999999891,40,80
78.6126324371,108.5033210671,47.99392817496843,60.0521797092,94.9301737736
44.7396610623,61.031578486,19.551608673412552,40,80
48.7634104635,43.4275263518,37.60965980821913,44.7396610623,61.031578486
49.9400573019,39.2007689305,41.99327454066394,44.7396610623,61.031578486
49.6343752265,43.0594476045,38.17835597859136,44.7396610623,61.031578486
49.2244236071,42.2488491017,38.862331554938436,44.7396610623,61.031578486
52.0721843132,31.7770565394,49.71443644325613,49.2244236071,42.2488491017
51.4570872531,33.1958567072,48.186571912793056,49.2244236071,42.2488491017
56.3480718912,12.0370733219,69.90329001374417,51.4570872531,33.1958567072
48.5271846742,43.9040505554,37.09291843420816,44.7396610623,61.031578486
52.2083367497,27.0296174482,54.36420597429402,48.5271846742,43.9040505554
56.0535463279,10.3813588428,71.4507548151968,52.2083367497,27.0296174482
56.9930356366,6.5401666388,75.40490315640099,52.2083367497,27.0296174482
51.3194985921,30.9774285384,50.31768965289044,48.5271846742,43.9040505554
49.3140093845,39.7274345355,41.34131294025472,44.7396610623,61.031578486
54.4444040224,17.9434634997,63.721266989116536,49.3140093845,39.7274345355
60.2247856634,-6.2537186157,88.59929814597145,54.4444040224,17.9434634997
58.8901735013,0.3402333981,81.87721852764503,54.4444040224,17.9434634997
28.5429726273,102.2201828026,24.99999999999515,40,80
58.6086950255,92.6857987197,22.521390270336568,40,80
78.1103686965,105.9218267902,46.09060143773118,58.6086950255,92.6857987197
78.7650884375,106.3394900664,46.866892581241295,58.6086950255,92.6857987197
63.1493953103,95.8847078001,28.075755974991637,58.6086950255,92.6857987197
21.3136657022,76.812830382,18.95619000915107,40,80
1.0015308079,74.0329708309,39.457664177807374,21.3136657022,76.812830382
-8.1885855252,72.7448180301,48.73761977328951,1.0015308079,74.0329708309
10.9825235734,75.4505376619,29.376762888830175,21.3136657022,76.812830382
-5.1958906778,73.2639561821,45.70227134189943,10.9825235734,75.4505376619
-8.467935546,71.888619196,49.1506755798777,10.9825235734,75.4505376619
-10.7880438312,72.1088031525,51.40231156870526,10.9825235734,75.4505376619
-10.9268275296,71.7953063149,51.58893031919632,10.9825235734,75.4505376619
6.0557208822,74.9481585566,34.327653216881345,21.3136657022,76.812830382
7.6135100698,74.1306829413,32.91642565349587,21.3136657022,76.812830382
-1.3323803805,73.8606934499,41.793845660413545,21.3136657022,76.812830382
16.7833169522,79.1921254792,23.230734663014037,40,80
-7.6349521869,78.1442591796,47.67147711350765,16.7833169522,79.1921254792
-10.8769682102,77.9946911163,50.91694141016741,-7.6349521869,78.1442591796
-3.6277254215,79.5971103434,43.645794386688806,16.7833169522,79.1921254792
-9.3148860448,79.5031052454,49.33373187875603,-3.6277254215,79.5971103434
-10.1392463855,79.5315519873,50.15764536491812,-3.6277254215,79.5971103434
-2.1942159104,79.1860780297,42.20826848916512,16.7833169522,79.1921254792
-12.0910467531,79.2604036295,52.10537842205986,-2.1942159104,79.1860780297
52.5054184062,92.3545923846,17.579005731375766,40,80
69.9356316862,109.3936610985,41.954037990293784,52.5054184062,92.3545923846
25.0343757332,80.6280253166,14.978795862596016,40,80
3.9739297597,82.5984379639,36.131216778494796,25.0343757332,80.6280253166
0.7531347078,81.6827464584,39.28293342023274,25.0343757332,80.6280253166
-9.2369628712,82.0363614453,49.27928741541027,0.7531347078,81.6827464584
-6.2105520029,81.5529155944,46.24783030805719,0.7531347078,81.6827464584
5.3892661895,82.1592487036,34.68349007602822,25.0343757332,80.6280253166
-7.3038933748,83.1240898546,47.413266907200224,5.3892661895,82.1592487036
-1.4295871406,82.6513151017,41.520074755351295,5.3892661895,82.1592487036
10.3871432891,81.659169429,29.662278979759762,25.0343757332,80.6280253166
27.0928473614,92.9301967945,18.269772258586507,40,80
11.7616298567,107.3483034964,39.315627694842675,27.0928473614,92.9301967945
11.7740553097,110.3219358661,41.44600961191557,27.0928473614,92.9301967945
9.7006615808,109.6825801548,42.41786689309879,27.0928473614,92.9301967945
13.3681011755,106.5934857786,37.636086407913034,27.0928473614,92.9301967945
10.6327678114,108.95772849,41.24401851483145,27.0928473614,92.9301967945
10.0109623378,110.9494030573,43.09883970585123,27.0928473614,92.9301967945
16.5943921534,103.3303659125,33.04749466217032,27.0928473614,92.9301967945
8.204978655,112.3357316401,45.3551699396128,16.5943921534,103.3303659125
7.8967680649,111.9492592203,45.29224809521645,16.5943921534,103.3303659125
17.5987660193,102.0597472533,31.44119101702656,27.0928473614,92.9301967945
46.5241589215,80.8013642183,6.573190568008784,40,80
65.8076060244,82.8882436559,25.969231348472718,46.5241589215,80.8013642183
83.7319469245,84.8449311873,44.00005558915937,65.8076060244,82.8882436559
101.7030622109,86.8371137944,62.08125511178817,83.7319469245,84.8449311873
101.887038287,86.8388253166,62.26430909647741,83.7319469245,84.8449311873
81.174491685,84.5960067262,41.430719944666635,65.8076060244,82.8882436559
67.8774413651,81.138541417,27.929134929695977,46.5241589215,80.8013642183
67.5020604216,83.0045164348,27.666465113156267,46.5241589215,80.8013642183
86.6826979005,84.7344784179,46.924959928690384,67.5020604216,83.0045164348
99.2927564956,85.9558459188,59.59402920563848,86.6826979005,84.7344784179
43.0776900723,63.5168495431,16.76801792597851,40,80
46.6595145251,39.3252778946,41.22331602751849,43.0776900723,63.5168495431
44.758923437,54.6181095238,25.824182652708686,43.0776900723,63.5168495431
63.9689821858,78.0431766639,24.048726880895448,40,80
68.4820299198,77.6689781277,28.577261345140666,63.9689821858,78.0431766639
41.6435095176,90.2484953944,10.379440321302479,40,80
45.4613682383,112.4555911743,32.91233068603104,41.6435095176,90.2484953944
22.7508154904,67.5018339578,21.3011389522867,40,80
8.5301997572,57.1473280571,38.89209413610109,22.7508154904,67.5018339578
11.4854943172,59.3086045217,35.23083635488392,22.7508154904,67.5018339578
-1.2532818455,50.2453088062,50.86476571860993,11.4854943172,59.3086045217
0.4711501397,51.7667839602,48.57980017393341,11.4854943172,59.3086045217
-8.2627466897,45.7148538584,59.205470449329994,11.4854943172,59.3086045217
-9.0079355505,45.3977280907,59.99963024600606,11.4854943172,59.3086045217
-1.6845213347,50.1146047082,51.292559327277914,11.4854943172,59.3086045217
-1.1191382281,49.9216336395,50.94681497364344,11.4854943172,59.3086045217
-6.5498037293,46.8325737645,57.160800310182324,11.4854943172,59.3086045217
39.3202523402,90.0198811955,10.04291173181056,40,80
34.371825641,100.956854961,21.699449681309794,40,80
20.1445017799,89.8880397555,22.18139174566697,40,80
1.4449319012,99.0614644325,43.009873062195474,20.1445017799,89.8880397555
4.7645181487,97.387322018,39.29229852902089,20.1445017799,89.8880397555
-9.7374235093,103.9461839149,55.208484668754316,4.7645181487,97.387322018
-8.5429962576,103.6496558557,53.999669632269914,4.7645181487,97.387322018
26.4053224833,83.6233902584,14.069264861666953,40,80
9.4144373997,87.9512391288,31.602674449340526,26.4053224833,83.6233902584
-6.7194885319,91.8331351495,48.19703140228936,9.4144373997,87.9512391288
-0.1656014805,90.5686228202,41.53382958528269,9.4144373997,87.9512391288
15.0235541124,86.8039649742,25.88707797457435,26.4053224833,83.6233902584
52.7930716314,68.2834169589,17.347651135676074,40,80
72.1743386721,52.6604212242,42.241656595412344,52.7930716314,68.2834169589
87.3309175347,39.5609828755,62.27455872839361,72.1743386721,52.6604212242
91.4776476024,36.0590351939,67.70217402602026,87.3309175347,39.5609828755
85.4509809885,41.0767118569,59.8612920599643,72.1743386721,52.6604212242
84.5504524156,42.3894471319,58.32460098369981,72.1743386721,52.6604212242
97.863382206,31.4262030331,75.57066780410824,84.5504524156,42.3894471319
99.2467066571,29.9758328645,77.56200486027848,84.5504524156,42.3894471319
102.5469917142,27.2351299149,81.85179284842341,84.5504524156,42.3894471319
60.7686238994,61.007997139,28.143074588945233,52.7930716314,68.2834169589
65.413370973,56.8816548806,34.35565319240659,52.7930716314,68.2834169589
43.808011982,67.4269078464,13.137107807960374,40,80
48.6906853397,51.3023278707,29.984736083499307,43.808011982,67.4269078464
55.9636039406,27.6501030449,54.729898927689824,48.6906853397,51.3023278707
61.3679162951,9.9221476534,73.26330105433715,55.9636039406,27.6501030449
62.507201038,6.8428520835,76.54183042271757,55.9636039406,27.6501030449
59.9654815185,13.1530014226,69.76921339330933,55.9636039406,27.6501030449
63.4849592127,0.715073971,82.69549524584667,59.9654815185,13.1530014226
59.7887580327,15.346628551,67.61428049803915,55.9636039406,27.6501030449
48.1485359902,53.5485408591,27.67840138521612,43.808011982,67.4269078464
54.1929498027,33.6827186704,48.44341594263423,48.1485359902,53.5485408591
60.9374843559,12.8884826364,70.30408836086082,54.1929498027,33.6827186704
67.1683931405,-7.2916306946,91.424249305655,60.9374843559,12.8884826364
54.4277345026,34.6007913146,47.63950222558127,48.1485359902,53.5485408591
58.022246423,22.606379492,60.16094107724781,54.4277345026,34.6007913146
61.479252445,12.3316020501,70.99845545106017,54.4277345026,34.6007913146
61.0991546822,13.0508708668,70.1984675945711,54.4277345026,34.6007913146
66.2437690107,-2.5132334974,86.59079510620644,61.0991546822,13.0508708668
58.2655464673,22.6144296595,60.225274605663714,54.4277345026,34.6007913146
41.2466417536,60.3291159905,19.710347368248527,40,80
41.9968712653,46.929531251,33.13091797874296,41.2466417536,60.3291159905
42.6896716683,32.3121353213,47.764722547753955,41.9968712653,46.929531251
43.0397048983,26.0507465769,54.03572966059144,41.9968712653,46.929531251
43.8219626914,2.1417588876,77.95751094004396,43.0397048983,26.0507465769
43.9558962678,-2.258008147,82.35931604268539,43.8219626914,2.1417588876
43.8396060549,-8.5531490015,88.65243338224096,43.8219626914,2.1417588876
44.032245606,1.6353571596,78.4712852600626,43.0397048983,26.0507465769
42.6917027777,33.4352890914,46.64303706838061,41.9968712653,46.929531251
41.4668825171,54.2673986534,25.7760643966637,41.2466417536,60.3291159905
42.6866068636,80.0000336195,2.6866068638103506,40,80
67.4333215193,80.84021073,27.447579862213406,42.6866068636,80.0000336195
78.7747020239,81.4527582598,38.80549015532566,67.4333215193,80.84021073
80.8711618312,81.2393117289,40.891345475145215,67.4333215193,80.84021073
103.6028032202,81.9122523023,63.632945446418695,80.8711618312,81.2393117289
94.4749611705,81.3810121589,54.49588278722611,80.8711618312,81.2393117289
107.8302070225,81.298239088,67.85138514200969,94.4749611705,81.3810121589
107.1644747487,81.1233218025,67.18801259948,94.4749611705,81.3810121589
104.78171521,81.9392953309,64.81214270106378,80.8711618312,81.2393117289
103.8567058874,81.6016697768,63.87974556985361,80.8711618312,81.2393117289
110.2797731648,81.7805208754,70.30530243019476,103.8567058874,81.6016697768
73.056464934,81.5038999808,33.10975482276625,67.4333215193,80.84021073
78.5616462305,80.6912087338,38.57690205508644,67.4333215193,80.84021073
75.4350784793,81.2915892225,35.4620578234034,67.4333215193,80.84021073
99.0704339681,82.334827685,59.120425805400544,75.4350784793,81.2915892225
98.6095270588,83.0395085472,58.702330819423665,75.4350784793,81.2915892225
93.7048112351,82.4641688605,53.7693808930333,75.4350784793,81.2915892225
106.1272502849,83.5335032854,66.23775961916576,93.7048112351,82.4641688605
96.7614144059,82.552478197,56.82563535761348,75.4350784793,81.2915892225
90.8944288621,81.6775100962,50.923623565934506,67.4333215193,80.84021073
110.2917078027,82.6847196759,70.34703473485341,90.8944288621,81.6775100962
67.4796552649,79.6699462892,27.481852510402145,42.6866068636,80.0000336195
70.9328667493,79.9692209442,30.94800814382622,67.4796552649,79.6699462892
84.8458347258,80.293036931,44.859206480903055,67.4796552649,79.6699462892
90.7182482539,79.4522087256,50.721465539775124,67.4796552649,79.6699462892
111.0716646746,78.7945869664,71.08550311518226,90.7182482539,79.4522087256
90.2808412663,79.5506336497,50.28335067557506,67.4796552649,79.6699462892
102.6336639519,79.5668403459,62.636183992627295,90.2808412663,79.5506336497
84.4619685885,80.3232071441,44.4767257245649,67.4796552649,79.6699462892
108.0653779661,80.9965750154,68.08973820786899,84.4619685885,80.3232071441
86.0857417744,79.1915624699,46.094087902142874,67.4796552649,79.6699462892
76.4501958886,79.3645494419,36.45759015784889,67.4796552649,79.6699462892
95.5153306069,78.9576287295,55.52706698059124,76.4501958886,79.3645494419
82.7266752131,79.4383918972,42.73063064956014,67.4796552649,79.6699462892
74.9070929387,79.3595196558,34.91577442907385,67.4796552649,79.6699462892
26.6677919797,82.6909889541,13.601073202054312,40,80
8.8952181256,86.2007275698,31.716885260860135,26.6677919797,82.6909889541
-11.3402428977,90.3624682431,52.37587769169502,8.8952181256,86.2007275698
0.657457647,87.97615956,40.143797889730195,8.8952181256,86.2007275698
-5.613423088,88.9922210331,46.491630795745635,8.8952181256,86.2007275698
55.7239228539,61.227992165,24.487344242949252,40,80
68.8087972275,45.8681134987,44.665050009868146,55.7239228539,61.227992165
84.2828007017,27.590814421,68.61300284712016,68.8087972275,45.8681134987
92.0282528415,18.2348409752,80.75904203561478,84.2828007017,27.590814421
96.1688202852,13.5140915717,87.03667207220532,84.2828007017,27.590814421
103.6624110997,5.2854414045,98.16611890793436,96.1688202852,13.5140915717
110.3053478627,-2.7244220283,108.56643602555147,96.1688202852,13.5140915717
85.2457123983,26.5306756697,70.04516663225684,84.2828007017,27.590814421
72.6081391014,41.228850022,50.661529333689124,68.8087972275,45.8681134987
35.0393318598,98.6262235358,19.275487843444715,40,80
50.6546974847,70.6782314393,14.156904590683917,40,80
59.6466658865,74.1998617919,20.484947734588545,40,80
37.5439557982,55.6006563297,24.52264514000486,40,80
36.9036950941,49.8030562091,30.355491865883725,37.5439557982,55.6006563297
36.6859942311,47.9187369661,32.252327097205516,37.5439557982,55.6006563297
36.3238925713,43.5366472018,36.648191334535156,37.5439557982,55.6006563297
56.8760511039,69.9747995823,19.62920640974812,40,80
63.6933764789,65.8340221324,27.605544113119215,56.8760511039,69.9747995823
46.2753761304,75.3577662603,7.805810635161677,40,80
60.6078256282,64.8421725641,25.58211000793746,46.2753761304,75.3577662603
70.0207054937,58.0717260732,37.17699047512967,60.6078256282,64.8421725641
82.5485224711,49.1763565921,52.54168365216763,70.0207054937,58.0717260732
95.9767828091,39.3648572813,69.17248923791522,82.5485224711,49.1763565921
93.5511198276,41.1464022602,66.16289193783966,82.5485224711,49.1763565921
109.5898716641,29.6051281577,85.92251157946913,93.5511198276,41.1464022602
87.6447416787,45.12314804,59.046428614507164,70.0207054937,58.0717260732
64.8802606295,61.0956825399,31.248266975582794,46.2753761304,75.3577662603
83.3538145554,46.3474268772,54.88686337523178,64.8802606295,61.0956825399
98.043990459,35.1687972783,73.34663119035105,83.3538145554,46.3474268772
97.8802830397,35.3519296302,73.10551443216093,83.3538145554,46.3474268772
102.4036915722,31.563416228,79.00044430446881,83.3538145554,46.3474268772
104.6292056797,29.851060843,81.80848169866783,102.4036915722,31.563416228
111.6516949595,24.1505584987,90.8527025857566,102.4036915722,31.563416228
106.3960136763,28.2084842152,84.21525058978716,102.4036915722,31.563416228
103.5035196376,30.7106688813,80.39213385704345,102.4036915722,31.563416228
107.0166410078,27.5510518827,85.11422955869855,102.4036915722,31.563416228
70.0509660503,56.8098675575,37.96424825995627,64.8802606295,61.0956825399
75.1800918983,53.12255186,44.27352463155693,64.8802606295,61.0956825399
89.2713720264,42.4404768931,61.95602731774526,75.1800918983,53.12255186
105.7377408034,27.7307246759,84.0358396129524,89.2713720264,42.4404768931
95.4294784818,37.6463639221,69.76024376110135,89.2713720264,42.4404768931
80.0976129263,49.590008617,50.325697183685385,64.8802606295,61.0956825399
94.8986615849,39.1987289517,68.41021361284993,80.0976129263,49.590008617
92.7320382284,40.8890019477,65.6663692606691,80.0976129263,49.590008617
97.5263192756,36.2108819587,72.29751629701698,80.0976129263,49.590008617
81.4468142695,48.6068877648,51.99484969278136,64.8802606295,61.0956825399
100.3071014053,35.1283764401,75.17632286371874,81.4468142695,48.6068877648
92.3126858455,40.6382071702,65.4695309700836,81.4468142695,48.6068877648
112.2495264572,26.1958039622,90.08782953027617,92.3126858455,40.6382071702
103.2761944126,32.5677358557,79.08316484715854,92.3126858455,40.6382071702
61.5161676291,62.7007003134,27.61699545311292,46.2753761304,75.3577662603
66.2630185015,58.9564672354,33.662810083681244,61.5161676291,62.7007003134
84.4104545828,44.6184071084,56.79091862135324,66.2630185015,58.9564672354
75.1382017502,51.4299417849,45.297205050404685,61.5161676291,62.7007003134
82.2717268548,45.5652935352,54.53199143183591,75.1382017502,51.4299417849
101.5815242501,29.9569488454,79.36118190198904,82.2717268548,45.5652935352
112.2747910907,21.7865411415,92.81857829847763,101.5815242501,29.9569488454
110.5045872793,23.3747300467,90.4493133107087,101.5815242501,29.9569488454
112.2339537166,22.5215870815,92.35190390266412,101.5815242501,29.9569488454
91.0350073395,37.7729291695,66.25483901803554,75.1382017502,51.4299417849
101.3361569687,29.0611757766,79.74588534001784,91.0350073395,37.7729291695
109.8480934059,22.5276823503,90.46949899747985,91.0350073395,37.7729291695
103.5957453454,27.5086389266,82.4760533204037,91.0350073395,37.7729291695
103.4658849742,27.4632420738,82.40464913395107,91.0350073395,37.7729291695
62.3809164858,63.3245165786,27.91022627057747,46.2753761304,75.3577662603
63.8557743273,61.2252159749,30.362392342745924,46.2753761304,75.3577662603
68.7279238449,57.4045414985,36.553950658425784,63.8557743273,61.2252159749
74.4835413786,52.4757466393,44.12838835289,63.8557743273,61.2252159749
85.7952746317,43.2669095815,58.71461436054526,74.4835413786,52.4757466393
71.8638230058,55.2257164752,40.36853235196657,63.8557743273,61.2252159749
62.6946617485,63.1622966993,28.258742405986688,46.2753761304,75.3577662603
54.1421118345,92.7703155093,19.05466571070123,40,80
62.8229749033,100.3382469756,30.5712177249922,54.1421118345,92.7703155093
73.717662189,109.817393491,45.0124236896481,62.8229749033,100.3382469756
59.4748467282,97.4501162613,26.14963551507004,54.1421118345,92.7703155093
70.1522028372,107.9936872278,41.14706395974519,54.1421118345,92.7703155093
63.1034896771,100.4897502469,30.882428200111804,54.1421118345,92.7703155093
38.1222210644,91.1252481453,11.282606083059191,40,80
37.3850062015,85.9985541469,6.54376378084392,40,80
49.410507364,60.0984183198,22.014327203472984,40,80
59.5886506368,37.8926887284,46.44154618492933,49.410507364,60.0984183198
57.2256778342,43.0207975213,40.79522232632711,49.410507364,60.0984183198
66.008770262,24.1402120172,61.6187480021801,57.2256778342,43.0207975213
73.836265315,7.3742484793,80.12191562718236,66.008770262,24.1402120172
82.2813988604,-10.0873505564,99.51850608744624,73.836265315,7.3742484793
79.6686692816,-5.0769610383,93.87144487297053,73.836265315,7.3742484793
73.2552693337,7.7590411828,79.53116008715475,66.008770262,24.1402120172
79.8114662597,-6.3362191856,95.07658008744677,73.2552693337,7.7590411828
63.8219144875,29.3163471849,56.00450557732853,57.2256778342,43.0207975213
68.9153897513,18.5861770522,67.88221753458821,63.8219144875,29.3163471849
72.83848093,10.2788159554,77.06931190746613,63.8219144875,29.3163471849
58.3628157014,39.7428636459,44.25151296628959,49.410507364,60.0984183198
66.9022315194,20.8769913719,64.96003196624685,58.3628157014,39.7428636459
76.0682215264,-1.1466793677,88.81495694317219,66.9022315194,20.8769913719
75.2666110457,2.2929126048,85.33969900184297,66.9022315194,20.8769913719
64.8599730113,25.2506618478,60.13348280842315,58.3628157014,39.7428636459
72.290383697,8.8109659349,78.17439754872348,64.8599730113,25.2506618478
79.1825145869,-7.8710342384,96.22406785001971,72.290383697,8.8109659349
75.9463663828,-1.2414496618,88.87099835120493,72.290383697,8.8109659349
80.2175720978,-9.822955092,98.4244180123804,72.290383697,8.8109659349
78.5953680068,-6.4702520588,94.70523087671408,72.290383697,8.8109659349
76.8524290155,-1.309136771,89.27524149258704,72.290383697,8.8109659349
51.8968773145,54.6655093425,27.989152346217857,49.410507364,60.0984183198
60.5191239125,35.6881203253,48.83344245902491,51.8968773145,54.6655093425
61.2711888782,33.6585333084,50.9928642073626,51.8968773145,54.6655093425
61.7548787647,33.003898934,51.78842876550802,51.8968773145,54.6655093425
50.4279058192,78.7180650822,10.50640646974883,40,80
53.5524381565,87.6302514132,15.552791280487172,40,80
73.8081495923,99.1209230389,38.840757704803096,53.5524381565,87.6302514132
71.6587325364,98.618832565,36.73265936084339,53.5524381565,87.6302514132
31.4306726983,77.3679847327,8.964422723798858,40,80
7.9837936146,71.1037341255,33.23368258963437,31.4306726983,77.3679847327
-6.270407215,67.8268475256,47.85969459151559,7.9837936146,71.1037341255
-4.5537941152,67.9006121548,46.1739722479694,7.9837936146,71.1037341255
-2.7730673196,68.3236141667,44.343998703185605,7.9837936146,71.1037341255
8.3721810108,71.1595391918,32.844096819917254,31.4306726983,77.3679847327
-9.2113651413,65.9719093554,51.17692525970085,8.3721810108,71.1595391918
-6.5655018614,67.0908980095,48.325963976714746,8.3721810108,71.1595391918
-8.3465075853,66.6089036809,50.171036305193596,8.3721810108,71.1595391918
10.9446075862,71.2324203406,30.34955807962034,31.4306726983,77.3679847327
0.2070908179,68.0220716773,41.55672564727435,10.9446075862,71.2324203406
-9.7628735972,65.1284476109,51.93794060462175,10.9446075862,71.2324203406
-5.7365636231,66.2976134491,47.74535619210644,10.9446075862,71.2324203406
47.5208861808,78.4371396203,7.6815533267031615,40,80
59.9359263702,76.9397836684,20.169434405412243,40,80
66.5052830976,76.0107171795,26.804162158126182,59.9359263702,76.9397836684
43.5425800737,78.6033698066,3.807945571524471,40,80
65.7763423553,69.1769030506,27.957447858252287,43.5425800737,78.6033698066
69.3811661682,67.3621945061,31.993277614762363,65.7763423553,69.1769030506
86.9510287482,59.9253303594,51.06499946153173,65.7763423553,69.1769030506
109.1759826906,50.0201536044,75.39730523574049,86.9510287482,59.9253303594
108.4157170726,51.2611471322,74.21237330519114,86.9510287482,59.9253303594
108.1907999021,51.0243334792,74.09445069536213,86.9510287482,59.9253303594
90.8822873901,58.3010339474,55.31860185756612,86.9510287482,59.9253303594
111.1916393244,49.3786851505,77.50143495085693,90.8822873901,58.3010339474
96.4842290191,56.0371018481,61.36064069271174,86.9510287482,59.9253303594
92.2946516685,57.3084234481,57.015000108318674,86.9510287482,59.9253303594
111.4467781941,48.3069807384,78.17699248400493,92.2946516685,57.3084234481
112.1023580886,47.810476117,78.98216280925072,92.2946516685,57.3084234481
110.7948497767,48.6514961615,77.44046754698766,92.2946516685,57.3084234481
85.4512204861,61.2357459217,49.174488321231834,65.7763423553,69.1769030506
106.2143166538,52.5192500586,71.69300209547097,85.4512204861,61.2357459217
111.0120168294,50.981944374,76.73098142679576,106.2143166538,52.5192500586
87.1296544866,59.2548327263,51.50339057662902,65.7763423553,69.1769030506
73.9036421781,64.9710905193,37.108505800267785,65.7763423553,69.1769030506
66.2195727347,70.3706693357,27.933105740746246,43.5425800737,78.6033698066
88.7743728679,62.4119757434,51.85087764250825,66.2195727347,70.3706693357
103.4952007386,56.9780775312,67.54259593526793,88.7743728679,62.4119757434
111.7928956768,53.8910665156,76.39590333759068,88.7743728679,62.4119757434
94.0315037685,60.7635781633,57.36038214728207,88.7743728679,62.4119757434
81.942179624,64.5591181363,44.69539957955935,66.2195727347,70.3706693357
94.474713558,59.6077006156,58.17059687945654,81.942179624,64.5591181363
79.1387816812,65.675718766,41.67896041243735,66.2195727347,70.3706693357
99.9992200843,57.8282191127,63.96665076334794,79.1387816812,65.675718766
96.551603626,58.2371873279,60.61406321218234,79.1387816812,65.675718766
65.486573658,70.0049893544,27.376377866197245,43.5425800737,78.6033698066
77.521979879,64.8414059677,40.47269781860715,65.486573658,70.0049893544
98.2235777715,57.0971983913,62.5753878424285,77.521979879,64.8414059677
102.5242777685,55.4227143073,67.19057119867395,98.2235777715,57.0971983913
96.5493067913,57.5531083104,60.848135290449086,77.521979879,64.8414059677
111.3760517067,51.8294917442,76.74128322857698,96.5493067913,57.5531083104
109.0812015874,52.3881463521,74.40266291819047,96.5493067913,57.5531083104
81.6851382987,63.0624504151,45.00000812056405,65.486573658,70.0049893544
101.6236219995,55.6454119795,66.27336214484134,81.6851382987,63.0624504151
107.9677762164,52.9592841829,73.16274348625925,101.6236219995,55.6454119795
80.1629664634,64.1697673169,43.17024762649736,65.486573658,70.0049893544
54.8950128219,94.7681484369,20.975214306864128,40,80
71.8343961261,110.7577903068,44.269234008372685,54.8950128219,94.7681484369
73.6538092228,112.4707839951,46.7681560544956,71.8343961261,110.7577903068
31.1550720278,101.5556073086,23.2997201115373,40,80
46.308996864,99.5456203693,20.538615266145786,40,80
44.7115357934,68.5601061787,12.372135635172588,40,80
52.4363324915,52.2387132814,30.429276885520366,44.7115357934,68.5601061787
61.6543798253,68.6964526286,24.42708228167751,40,80
72.731719892,62.6716182534,37.03684406380127,61.6543798253,68.6964526286
86.150274892,55.2685962936,52.36206355408283,72.731719892,62.6716182534
101.2861013971,47.1512422692,69.53718161335482,86.150274892,55.2685962936
103.9142203643,45.8334474526,72.47623250024293,86.150274892,55.2685962936
104.9588877846,45.2177826336,73.68770010194984,86.150274892,55.2685962936
99.5784443861,48.3194761896,67.48178597819151,86.150274892,55.2685962936
100.5434437154,47.4913458315,68.72204318515598,86.150274892,55.2685962936
94.8771710373,51.2478540268,61.95517858948366,72.731719892,62.6716182534
99.8833483956,49.2868151147,67.33174676607418,94.8771710373,51.2478540268
104.1467107867,46.3934837126,72.41889104315385,94.8771710373,51.2478540268
93.6757411054,50.9192320238,61.052893003563206,72.731719892,62.6716182534
98.5932285133,48.2338934881,66.65581415758372,93.6757411054,50.9192320238
108.4874621445,42.8915820307,77.90015523075716,93.6757411054,50.9192320238
70.8864618713,63.584924137,34.97976262481849,61.6543798253,68.6964526286
52.0995767134,77.6538922133,12.324933200235442,40,80
73.7781054749,73.6792211105,34.36482021534095,52.0995767134,77.6538922133
81.0129457241,72.5269674419,41.690842461297244,73.7781054749,73.6792211105
103.5497603627,69.232510009,64.46717807157057,81.0129457241,72.5269674419
98.6267826141,69.5152942017,59.56029756472054,81.0129457241,72.5269674419
96.9841074838,69.2266870614,57.994115352849086,73.7781054749,73.6792211105
31.8057564308,59.9308620909,21.67754423558744,40,80
29.1320683383,52.8625154342,29.23466885248098,31.8057564308,59.9308620909
23.9879061639,38.5588287016,44.434578180920084,31.8057564308,59.9308620909
19.5132620667,26.0507436326,57.718953660781665,23.9879061639,38.5588287016
14.6780710509,12.7141941874,71.90495462171275,19.5132620667,26.0507436326
16.7230442698,21.2697503873,63.187989798499025,23.9879061639,38.5588287016
16.9900175958,21.002206587,63.3344571351993,23.9879061639,38.5588287016
8.9339212642,-0.6494409775,86.43628672424566,16.9900175958,21.002206587
8.3004485059,-0.8774580662,86.87651176738115,16.9900175958,21.002206587
4.8716694937,-8.9322960941,95.63076451505796,8.3004485059,-0.8774580662
17.7915099878,23.2590038668,60.941545362893564,23.9879061639,38.5588287016
14.2499746952,15.6751909349,69.30400090696332,23.9879061639,38.5588287016
15.6329008886,15.8016931458,68.67696527162028,23.9879061639,38.5588287016
7.5746147159,-5.4628999625,91.4172136454329,15.6329008886,15.8016931458
8.7884061366,-1.862757447,87.62109162137914,15.6329008886,15.8016931458
9.2658983797,-1.4311036667,87.04835626221347,15.6329008886,15.8016931458
9.5206455458,0.5202961709,85.13542081520242,15.6329008886,15.8016931458
8.8007950997,-1.9001693744,87.65151681295538,15.6329008886,15.8016931458
9.8956866194,1.0466102158,84.50820337360994,15.6329008886,15.8016931458
21.5491797633,31.5304859918,51.87399937503071,23.9879061639,38.5588287016
14.913641174,15.6554896011,69.07002473785136,23.9879061639,38.5588287016
6.8394973325,-4.9817818461,91.2305475556607,14.913641174,15.6554896011
4.5258331488,-11.3193886511,97.97727283313559,6.8394973325,-4.9817818461
13.4553669358,12.7899819862,72.2852537568868,14.913641174,15.6554896011
26.0032783356,43.421614069,39.17680199967232,31.8057564308,59.9308620909
26.7868055108,45.619454426,36.84350143216186,31.8057564308,59.9308620909
19.1545337948,28.5641342024,55.52866986802009,26.7868055108,45.619454426
20.2817374457,27.6780567509,55.927779282467526,26.7868055108,45.619454426
40.0891837075,80.6882265661,0.6939809363154306,40,80
44.5104733365,104.8888152198,25.29512507981201,40.0891837075,80.6882265661
39.1971036109,68.2481497812,11.779245569082063,40,80
37.9722932311,50.182177814,29.886688889057474,39.1971036109,68.2481497812
37.29462682,45.6999474401,34.40756514334787,39.1971036109,68.2481497812
35.9624764097,28.9232949469,51.23702424318991,37.29462682,45.6999474401
34.5451691926,11.2332895638,68.98371548977869,35.9624764097,28.9232949469
33.7223446011,-0.1178900658,80.36467851106221,34.5451691926,11.2332895638
34.412839364,-9.1569449936,89.37437944388589,34.5451691926,11.2332895638
33.9405743342,8.6079052309,71.65278157217159,35.9624764097,28.9232949469
32.6169094484,-6.4668154388,86.78550412957614,33.9405743342,8.6079052309
36.8849472741,39.380817007,40.73996174817762,37.29462682,45.6999474401
37.7318412782,43.7391959286,36.331960544263644,39.1971036109,68.2481497812
35.8598378782,18.8128493011,61.32850336369954,37.7318412782,43.7391959286
34.2409960594,57.0035071304,23.706640645384784,40,80
28.3089738639,33.8880755563,47.5710925390446,34.2409960594,57.0035071304
22.5104852085,11.9679362017,70.24519627021525,28.3089738639,33.8880755563
21.4851391011,7.1414624506,75.17938146232322,22.5104852085,11.9679362017
20.7799519394,3.449030155,78.9380959951611,22.5104852085,11.9679362017
17.253286939,-6.7632091921,89.70011702072227,22.5104852085,11.9679362017
30.6244943563,43.663440936,37.52823428141312,34.2409960594,57.0035071304
26.8933065901,30.1704190493,51.52764147534836,30.6244943563,43.663440936
30.9626906026,43.9328292186,37.182170606840884,34.2409960594,57.0035071304
31.0077197383,69.9514947174,13.484567576285109,40,80
18.7367690403,55.0228244741,32.809200205805844,31.0077197383,69.9514947174
11.3014155261,45.9604101733,44.531479627508375,18.7367690403,55.0228244741
-1.0298311423,31.0966472926,63.844456906286524,11.3014155261,45.9604101733
-9.3138534213,20.1425856663,77.57822882924151,-1.0298311423,31.0966472926
-11.0246301329,19.2732317046,79.3263548205947,-1.0298311423,31.0966472926
-8.9041927814,21.3588605969,76.36763785021134,-1.0298311423,31.0966472926
20.477731719,56.8474284613,30.295195171079428,31.0077197383,69.9514947174
20.5554024243,57.5253834178,29.722152965208885,31.0077197383,69.9514947174
10.7380797536,46.6850769434,44.3472023285293,20.5554024243,57.5253834178
2.8531507905,37.7259235406,56.28196392849584,10.7380797536,46.6850769434
-3.7772505552,30.2494750576,66.27489767760966,10.7380797536,46.6850769434
9.9609835518,45.31703077,45.88648362314302,20.5554024243,57.5253834178
8.7823406398,43.7969923843,47.80733209482598,20.5554024243,57.5253834178
9.6696403784,44.6689352646,46.56816360381043,20.5554024243,57.5253834178
-2.8314031257,29.5941340294,66.1519763319844,9.6696403784,44.6689352646
-4.0178096273,27.9980546629,68.13815543725057,9.6696403784,44.6689352646
9.7928352219,45.169610945,46.10806051364142,20.5554024243,57.5253834178
14.4661730548,51.7006818773,38.11615169113182,31.0077197383,69.9514947174
-1.4676860827,35.1246343475,61.10861173184692,14.4661730548,51.7006818773
3.0410091861,38.4660398647,55.600147762634606,14.4661730548,51.7006818773
-1.9704288856,33.0396806537,62.98369781081081,14.4661730548,51.7006818773
-7.071001748,27.2630329269,70.6898967755531,-1.9704288856,33.0396806537
-9.3319584411,25.029563263,73.8679955637652,-7.071001748,27.2630329269
-11.4827294551,22.4470173978,77.22115599090553,-7.071001748,27.2630329269
14.0157805792,51.1079040724,38.8606239257109,14.4661730548,51.7006818773
21.2965078635,68.4273089918,21.99426732745127,40,80
8.5730573043,60.2773032333,37.104157730627264,21.2965078635,68.4273089918
-0.5708839921,54.5446306332,47.89652529163753,8.5730573043,60.2773032333
-9.5111515859,48.8209073714,58.51181097260941,8.5730573043,60.2773032333
34.9327789469,99.4343132902,20.084054925801812,40,80
52.719674094,71.6157666434,15.234351907301434,40,80
71.581236765,59.2758818326,37.773901670681205,52.719674094,71.6157666434
88.9737097457,48.0474929034,58.47595070766691,71.581236765,59.2758818326
107.1272768403,35.9266616429,80.30406443065401,88.9737097457,48.0474929034
107.891989988,35.6555550929,81.09146418902519,88.9737097457,48.0474929034
84.5809375244,50.6934746444,53.35112648699595,71.581236765,59.2758818326
99.2461547011,41.0387546235,70.90909372474144,84.5809375244,50.6934746444
103.6897704904,38.0216126751,76.27978940247098,84.5809375244,50.6934746444
102.5633523332,38.4501372127,75.10581687371982,84.5809375244,50.6934746444
94.0286803638,44.2763352581,64.77213881789889,84.5809375244,50.6934746444
112.2733502562,31.9435565347,86.79406903582017,94.0286803638,44.2763352581
63.8157793369,64.5150686088,28.40794155250009,52.719674094,71.6157666434
83.3158369446,52.1264392446,51.510547124753984,63.8157793369,64.5150686088
95.7934906759,44.0996637262,66.34702136431005,83.3158369446,52.1264392446
91.0866436605,47.3496664092,60.63211473876048,83.3158369446,52.1264392446
109.2106478928,36.0413564674,81.99463807174342,91.0866436605,47.3496664092
73.0516780114,58.4856488468,39.43745866345489,52.719674094,71.6157666434
69.6889403233,60.3879948202,35.58180522398717,52.719674094,71.6157666434
86.2884461687,49.0333557107,55.69328014798157,69.6889403233,60.3879948202
94.0288531815,43.6792734248,65.10498019887521,86.2884461687,49.0333557107
109.8811402174,32.674221085,84.40280860702262,94.0288531815,43.6792734248
98.1655523022,41.1412130781,69.95341918796731,86.2884461687,49.0333557107
72.8795548294,57.8410921454,39.650789992972406,52.719674094,71.6157666434
82.0787123902,50.8702052976,51.19278996148976,72.8795548294,57.8410921454
85.6716331555,49.0170026056,55.19111895047794,72.8795548294,57.8410921454
104.6107842377,35.7627411734,78.30749604178492,85.6716331555,49.0170026056
78.9515552571,53.9176426594,46.880080764768934,72.8795548294,57.8410921454
81.3368808143,51.8798442212,49.997907448024485,72.8795548294,57.8410921454
93.8290651041,42.9028155759,65.38107069973779,81.3368808143,51.8798442212
110.344701231,31.6461270247,85.36804830554107,93.8290651041,42.9028155759
98.9389254367,39.4702657499,71.53461129806415,81.3368808143,51.8798442212
59.2452699534,87.996152494,20.840318382561797,40,80
80.1407605229,96.6203386008,43.44558573653896,59.2452699534,87.996152494
94.0192565357,102.256024941,58.424691587771285,80.1407605229,96.6203386008
107.6478506991,107.9254187468,73.18547086922875,94.0192565357,102.256024941
24.1783036751,76.6139924786,16.17996049229823,40,80
8.3778143332,73.3401994253,32.31604379647495,24.1783036751,76.6139924786
41.468733391,104.3673231055,24.411546716700947,40,80
25.0111215477,73.7806339264,16.227969423660802,40,80
3.2545661881,65.9697487077,39.344146205625535,25.0111215477,73.7806339264
5.2037458285,65.1685458769,37.82658496850289,25.0111215477,73.7806339264
-8.4778718156,59.4670552782,52.64865150479981,5.2037458285,65.1685458769
-12.1406919945,58.054292495,56.573374682418944,5.2037458285,65.1685458769
-9.5012855864,59.0689261808,53.74648790006145,5.2037458285,65.1685458769
10.4471350863,67.9846440652,31.902892074792952,25.0111215477,73.7806339264
-11.4752134289,59.9941903707,55.236059769425424,10.4471350863,67.9846440652
-6.3521177173,61.4639979772,49.92326166490436,10.4471350863,67.9846440652
2.6308952567,63.9996666196,40.65217566036496,25.0111215477,73.7806339264
30.7561352815,64.9356169658,17.67440723574689,40,80
19.3514177282,45.6085677537,40.115494859065954,30.7561352815,64.9356169658
9.0549411771,29.3183529962,59.38693814214216,19.3514177282,45.6085677537
14.2964631273,37.0594584795,50.047253786837636,19.3514177282,45.6085677537
5.5699263261,25.2900349834,64.66691598298283,19.3514177282,45.6085677537
8.3376246477,26.8021857011,61.90961433952272,19.3514177282,45.6085677537
-3.5245688504,8.7138744478,83.54057914885624,8.3376246477,26.8021857011
0.2322275204,13.8109461394,77.2220200270926,8.3376246477,26.8021857011
-6.3895142825,2.8705215879,90.01030974352213,0.2322275204,13.8109461394
-10.1791987004,-2.0304082618,96.17845179089193,0.2322275204,13.8109461394
-9.1611110134,-1.6509206425,95.31356869468307,0.2322275204,13.8109461394
-9.7124309705,-1.7857623014,95.71941299712898,0.2322275204,13.8109461394
-10.6490622435,-3.2857609699,97.48775122305847,0.2322275204,13.8109461394
-1.1729862683,11.5510998144,79.88313210091374,8.3376246477,26.8021857011
-1.1490666047,10.4365117101,80.82607796510709,8.3376246477,26.8021857011
-8.021909006,-1.9494670069,94.99112055067965,-1.1490666047,10.4365117101
-4.8323488862,4.7723181731,87.58253093910199,-1.1490666047,10.4365117101
5.7750961363,24.9740697674,64.81567735056404,19.3514177282,45.6085677537
13.1785939912,35.4063675506,52.03978275697433,19.3514177282,45.6085677537
0.7549820904,16.7090878167,74.48826604893434,13.1785939912,35.4063675506
2.6330534216,19.5876598464,71.05135658283093,13.1785939912,35.4063675506
1.291980637,17.0959898722,73.87007152643166,13.1785939912,35.4063675506
2.9958423562,19.4868261519,70.93740771899054,13.1785939912,35.4063675506
-4.9016928264,7.3584156956,85.41046552157297,2.9958423562,19.4868261519
21.0591665689,93.5275569611,23.275522945800393,40,80
4.9405771005,105.1984124329,43.175718771330835,21.0591665689,93.5275569611
11.2852763181,100.5611493594,35.317132167997684,21.0591665689,93.5275569611
-0.8198319035,108.9250495422,50.0306793720029,11.2852763181,100.5611493594
1.7356456171,106.897605051,46.77353664698144,21.0591665689,93.5275569611
54.5527581423,62.9232633705,22.4365261005706,40,80
59.2019028128,57.2585646187,29.764783609411502,54.5527581423,62.9232633705
74.4119221877,38.7162098066,53.747352516070386,59.2019028128,57.2585646187
73.241276257,40.0661054555,51.96128465763997,59.2019028128,57.2585646187
87.1029439277,23.1682515863,73.81725171466509,73.241276257,40.0661054555
97.3070166609,10.8030956337,89.84910070586243,87.1029439277,23.1682515863
104.0661767482,2.2875634977,100.72110754199889,97.3070166609,10.8030956337
110.8803147664,-5.7981322646,111.2928687794092,97.3070166609,10.8030956337
92.317574855,17.3301572984,81.64513269372732,87.1029439277,23.1682515863
102.5987746131,6.0195086758,96.93002203847111,87.1029439277,23.1682515863
72.0345772737,41.8117415245,49.84666294185809,59.2019028128,57.2585646187
62.7345325729,89.167068901,24.51314185378799,40,80
77.5224549117,95.3255987469,40.5321972866536,62.7345325729,89.167068901
78.4095956515,95.6512937095,41.47641906915105,62.7345325729,89.167068901
98.913235951,103.2687278544,63.34933767831633,78.4095956515,95.6512937095
95.3677796204,102.4792704365,59.757591616542825,78.4095956515,95.6512937095
106.7977448118,106.8653637111,72.00021872391267,95.3677796204,102.4792704365
91.6799225237,100.552324181,55.6228558988833,78.4095956515,95.6512937095
107.1738057138,106.2198286818,72.12076557177978,91.6799225237,100.552324181
92.3691564775,100.3954965415,56.220122775002935,78.4095956515,95.6512937095
98.9148727882,103.3645858683,63.38443738162918,78.4095956515,95.6512937095
98.690575842,103.2626270168,63.13861083735096,78.4095956515,95.6512937095
67.7843256794,91.23912313,29.971513327622624,62.7345325729,89.167068901
27.514520698,74.2227892146,13.757301983296452,40,80
26.7115170095,66.9700562178,18.610835960700424,40,80
20.4037589872,60.7854086098,27.4447296267477,26.7115170095,66.9700562178
7.027738944,46.7275651637,46.849390782025445,20.4037589872,60.7854086098
8.5300233133,48.7438932082,44.35578198964386,20.4037589872,60.7854086098
-0.7951348387,39.397091745,57.55886012136336,8.5300233133,48.7438932082
14.8844651529,55.3281408149,35.20641820016964,26.7115170095,66.9700562178
-0.6364642675,40.1679265686,56.90276227161992,14.8844651529,55.3281408149
11.7853963385,52.2309086326,39.58776495003441,26.7115170095,66.9700562178
1.5058452622,42.1099385472,54.01354762550204,11.7853963385,52.2309086326
-4.3755828107,36.0517067761,62.45572987423023,11.7853963385,52.2309086326
49.4658698649,61.0820110863,21.154030274113204,40,80
34.3931923062,72.4015469667,9.443134067380432,40,80
24.549163834,58.9754264312,26.091425547146727,34.3931923062,72.4015469667
22.5766969944,56.6427244504,29.140089379154766,34.3931923062,72.4015469667
8.4122662052,37.240510568,53.16251646553454,22.5766969944,56.6427244504
-5.8158347584,17.1959835744,77.74344239251202,8.4122662052,37.240510568
-11.9621797799,8.8831967979,88.08171986580858,-5.8158347584,17.1959835744
-6.4203868506,16.2272737869,78.88531886769736,-5.8158347584,17.1959835744
-11.0434971846,9.2897841493,87.2216512840566,-5.8158347584,17.1959835744
-10.0860691891,10.7285614135,85.49343926350727,-5.8158347584,17.1959835744
11.2490174036,41.2738576822,48.23245410043822,22.5766969944,56.6427244504
2.9957015211,30.044942582,62.16822667980483,11.2490174036,41.2738576822
6.2724943177,33.5864031182,57.39011426546182,11.2490174036,41.2738576822
4.8922989607,32.9706797946,58.6895393728951,11.2490174036,41.2738576822
7.9755703333,37.4907777684,53.22307012248585,22.5766969944,56.6427244504
-6.8291818792,18.7692184426,77.09098732661099,7.9755703333,37.4907777684
-4.5766183572,22.2412879369,72.97413037359485,7.9755703333,37.4907777684
-5.1756885004,19.4869940811,75.51862654007861,7.9755703333,37.4907777684
-11.9853640524,10.4304822034,86.84964981754247,-5.1756885004,19.4869940811
-4.835262893,19.9550997932,74.9398251747948,7.9755703333,37.4907777684
-9.6447158388,13.9540919249,82.63026944500851,-4.835262893,19.9550997932
-10.0072992999,12.9201874516,83.67137442153762,-4.835262893,19.9550997932
23.8230165433,58.7226859502,26.73011918241197,34.3931923062,72.4015469667
9.0787802639,39.6566897755,50.83208411468358,23.8230165433,58.7226859502
2.650446167,32.0414549495,60.797789343943094,9.0787802639,39.6566897755
-11.5551202704,12.9684022854,84.57970381134704,2.650446167,32.0414549495
-5.2336909581,21.8245550288,73.70300775344627,2.650446167,32.0414549495
-3.3655810667,24.5803971751,70.38214987501426,2.650446167,32.0414549495
-5.9702338741,20.6085228877,75.11659026792951,2.650446167,32.0414549495
16.6973506778,50.3572823065,37.718981368679536,23.8230165433,58.7226859502
5.9624230701,36.728364549,55.067931480523725,16.6973506778,50.3572823065
-1.6225644012,27.040525596,67.37184380624525,5.9624230701,36.728364549
7.8642150753,39.0019777867,52.10533689429975,16.6973506778,50.3572823065
64.0845805279,74.7216175953,24.656202870984547,40,80
44.9305541843,56.7523540432,23.76475135777855,40,80
49.4013872742,38.3583454144,42.69430238135314,44.9305541843,56.7523540432
53.8054233931,19.0783859585,62.470863527258246,49.4013872742,38.3583454144
58.2393675501,-2.6214958456,84.61910795202711,53.8054233931,19.0783859585
58.6035282476,-1.9233806526,84.01375123949151,53.8054233931,19.0783859585
57.3058213092,3.4923141558,78.44516851401612,53.8054233931,19.0783859585
60.5128194716,-10.4030071966,92.70577133087139,57.3058213092,3.4923141558
60.2664414091,-9.7569343834,92.0211715425008,57.3058213092,3.4923141558
54.050992771,18.1724955287,63.408726507644644,49.4013872742,38.3583454144
57.4811772903,3.1541896913,78.81378009606583,54.050992771,18.1724955287
60.5560775187,-9.4922813711,91.82870390478384,57.4811772903,3.1541896913
47.4998874035,44.2698810219,36.50891103657915,44.9305541843,56.7523540432
50.116887149,30.708713106,50.320281819784654,47.4998874035,44.2698810219
53.7119506037,11.2467040897,70.11154949504643,50.116887149,30.708713106
49.5563584206,34.2821478266,46.70616003835221,44.9305541843,56.7523540432
53.4003188797,16.2291387617,65.16387301446292,49.5563584206,34.2821478266
53.9986249358,13.2001142301,68.25113328864941,49.5563584206,34.2821478266
57.8695359636,-5.6347702337,87.47967522374783,53.9986249358,13.2001142301
58.002612443,-6.7882415425,88.63657619406223,53.9986249358,13.2001142301
52.949631456,17.7324436302,63.60015337566333,49.5563584206,34.2821478266
49.1890345574,37.8494016325,43.14144521739421,44.9305541843,56.7523540432
48.9449530872,40.4834068287,40.52166163443135,44.9305541843,56.7523540432
49.3846343388,35.8869094651,45.100299334441196,44.9305541843,56.7523540432
53.6203436668,15.8134879834,65.61574433310699,49.3846343388,35.8869094651
59.5728389984,76.7822210188,19.83557733037132,40,80
71.1095424568,75.0514094299,31.50139215160558,59.5728389984,76.7822210188
19.3820204443,89.0433207697,22.51405630940259,40,80
-2.4011128981,98.5009601481,46.26172652828177,19.3820204443,89.0433207697
0.1759815528,97.0699635493,43.329889807322274,19.3820204443,89.0433207697
-12.4307838095,102.3068507332,56.981099287693716,0.1759815528,97.0699635493
35.8607387084,78.5481245221,4.386505037437603,40,80
58.5472366116,82.4452430801,18.707731012804636,40,80
81.3854374635,85.5547796266,41.75664933201747,58.5472366116,82.4452430801
101.0616029827,88.3157740544,61.62558437568042,81.3854374635,85.5547796266
104.4002170832,88.6849408078,64.9833148258771,81.3854374635,85.5547796266
111.2515101927,89.7156711615,71.91170730424614,104.4002170832,88.6849408078
46.8027173423,82.8682073524,7.382653767825674,40,80
67.3711533766,91.5105625134,29.69298464000133,46.8027173423,82.8682073524
82.5959243806,97.862038172,46.18949624597509,67.3711533766,91.5105625134
94.5980948903,102.8217110529,59.17604513432289,82.5959243806,97.862038172
104.6365088163,106.8385767284,69.98793331065976,82.5959243806,97.862038172
96.1683466003,103.5184189131,60.893417083564415,82.5959243806,97.862038172
78.4933705091,96.3037437459,41.80406635345974,67.3711533766,91.5105625134
86.2508144981,99.7225791037,50.2813022143453,67.3711533766,91.5105625134
103.5756407942,107.246483897,69.16936059864412,86.2508144981,99.7225791037
108.6903704462,110.1153534421,75.01070636399712,86.2508144981,99.7225791037
77.5351016114,95.9085646322,40.76765241635756,67.3711533766,91.5105625134
83.1051561404,98.0881616243,46.74653714483088,67.3711533766,91.5105625134
105.0947041096,107.3257256668,70.59759182442602,83.1051561404,98.0881616243
103.6035467834,106.6560528771,68.96348516819441,83.1051561404,98.0881616243
65.9427331888,90.6842423369,28.05704878879785,46.8027173423,82.8682073524
64.1685411659,90.4842834237,26.345154968778612,46.8027173423,82.8682073524
74.1926179299,94.7018493509,37.220355073643034,64.1685411659,90.4842834237
33.545224288,78.6696072755,6.590453269209004,40,80
10.391478684,74.5886976471,30.101084032544918,33.545224288,78.6696072755
-8.9654780132,71.6223869068,49.6840044476744,10.391478684,74.5886976471
13.3257010275,74.7739992776,27.181832109762713,33.545224288,78.6696072755
47.4119914302,91.7658665484,13.905870436478123,40,80
47.1700645773,79.0262562685,7.235883007435086,40,80
46.8967916857,89.1549859861,11.462089860127083,40,80
61.0924014875,108.2893178731,35.287244516641394,46.8967916857,89.1549859861
61.2110085902,108.3684853342,35.42154233276328,46.8967916857,89.1549859861
30.514705098,89.726384712,13.585778554935102,40,80
50.7594131904,90.4520767778,15.000362701307576,40,80
67.420326385,106.7980078391,38.340788805789224,50.7594131904,90.4520767778
54.9341421058,99.9034499315,24.883245761193535,40,80
62.7807063746,110.4241000376,38.00775144633805,54.9341421058,99.9034499315
61.8758605226,109.1270127995,36.42714313418193,54.9341421058,99.9034499315
19.7270544025,85.7018367197,21.059517211401452,40,80
2.3745706558,90.8013212383,39.145794731525065,19.7270544025,85.7018367197
5.566806866,90.1686271047,35.907575220396524,19.7270544025,85.7018367197
28.644752692,99.2861437328,22.380727903892268,40,80
41.6200705943,82.7055575768,3.153517168479581,40,80
52.091317729,102.4570584947,25.509026669847852,41.6200705943,82.7055575768
43.5041601326,71.1848882963,9.486059908287103,40,80
37.5532279276,88.3058278494,8.65872218275568,40,80
31.0008725854,110.2313534769,31.542385232464653,37.5532279276,88.3058278494
30.7662806006,61.3911709317,20.77378379689321,40,80
22.1548450091,43.2111258461,40.89021643941216,30.7662806006,61.3911709317
27.7635975268,55.2195270708,27.63711342524924,30.7662806006,61.3911709317
24.4194108048,48.4995356754,35.143091914764284,30.7662806006,61.3911709317
22.7321438815,43.7898136808,40.12204288899245,30.7662806006,61.3911709317
23.7846026677,47.3463204101,36.45822363173687,30.7662806006,61.3911709317
16.4822226227,32.9169464312,52.63016191212152,23.7846026677,47.3463204101
11.7329011441,23.8318385374,62.88175885840645,16.4822226227,32.9169464312
2.1674613736,4.7340925911,84.2411019717253,11.7329011441,23.8318385374
2.6648473576,5.5235249356,83.31271445075973,11.7329011441,23.8318385374
5.2235150221,10.4496004654,77.76317019943767,11.7329011441,23.8318385374
0,0,89.44560398151374,5.2235150221,10.4496004654
-5.9860365453,-11.5178028021,102.42530418372965,5.2235150221,10.4496004654
-3.5255078176,-6.2489964993,96.6149218750534,5.2235150221,10.4496004654
-4.6908431964,-10.028014349,100.51459229502706,5.2235150221,10.4496004654
-5.5556867184,-10.0363597331,100.91194458204644,5.2235150221,10.4496004654
26.5359101698,53.400371329,29.815294305226285,30.7662806006,61.3911709317
22.919604866,45.1306800741,38.82853062464058,30.7662806006,61.3911709317
12.7715970377,24.0876656416,62.19069061231384,22.919604866,45.1306800741
7.9486058236,13.3567073862,73.9556686968843,12.7715970377,24.0876656416
8.6272890782,14.207983348,72.90439261888693,12.7715970377,24.0876656416
9.0123714927,15.1211294295,71.91337277008702,12.7715970377,24.0876656416
3.7511293314,6.56843113,81.89582739216993,12.7715970377,24.0876656416
-4.377712449,-11.4474239336,101.66067250574011,3.7511293314,6.56843113
-2.5566853112,-6.6475261372,96.53994061400265,3.7511293314,6.56843113
11.0892364143,20.6861780143,65.98548380112423,12.7715970377,24.0876656416
11.3790524266,21.2354300568,65.36471460798606,12.7715970377,24.0876656416
1.3524548091,-0.618324533,89.40882510212705,11.3790524266,21.2354300568
26.8617744652,92.1415694086,17.889401273019793,40,80
32.9795753399,102.9051118889,23.95684689292746,40,80
56.9680882459,63.5193296422,23.654355078148235,40,80
73.0375240342,47.2789163282,46.5011883633947,56.9680882459,63.5193296422
82.8079239065,37.5733248583,60.272870157759364,73.0375240342,47.2789163282
94.0480144144,26.4624031148,76.07768640521903,82.8079239065,37.5733248583
104.1771147383,16.4126541524,90.34639789500994,94.0480144144,26.4624031148
105.7158200178,14.4200295541,92.84540683985709,94.0480144144,26.4624031148
107.3726566479,12.8660397182,95.11468165823037,94.0480144144,26.4624031148
107.5177040211,13.4105278361,94.83359177903615,94.0480144144,26.4624031148
74.7334126514,46.0243903555,48.58785968295606,56.9680882459,63.5193296422
88.866478663,31.9598614984,68.52662912493622,74.7334126514,46.0243903555
89.5856949466,31.181186984,69.58573994987873,74.7334126514,46.0243903555
87.4105825508,33.5544225229,66.37017489791984,74.7334126514,46.0243903555
102.4563142355,18.7474646576,87.4798893240497,87.4105825508,33.5544225229
109.1917259846,12.283075963,96.81552495451356,102.4563142355,18.7474646576
104.6749202104,16.4123315962,90.6993474314018,87.4105825508,33.5544225229
106.674544869,14.4363865014,93.51054962849567,104.6749202104,16.4123315962
74.7894221764,46.2318510042,48.482904385783925,56.9680882459,63.5193296422
85.9709198607,35.5474247274,63.948442052751105,74.7894221764,46.2318510042
100.8650804226,21.9350139478,84.12599755574075,85.9709198607,35.5474247274
96.0837551033,26.485832049,77.52717168822163,85.9709198607,35.5474247274
109.3754270965,13.1591042515,96.34923900728828,96.0837551033,26.485832049
67.2361454218,53.4601703168,38.02862669452356,56.9680882459,63.5193296422
83.1913941607,37.4959239598,60.5991190255995,67.2361454218,53.4601703168
77.2759314821,43.4234106401,52.22488848925056,67.2361454218,53.4601703168
54.597540687,65.1411950227,20.829601039435573,40,80
61.7989149699,57.4961872138,31.332264318840256,54.597540687,65.1411950227
59.8069555252,59.5977924389,28.43665797116278,54.597540687,65.1411950227
75.6524791374,42.382647492,51.834132922267315,59.8069555252,59.5977924389
73.5527248988,44.2870805138,49.0124708427263,59.8069555252,59.5977924389
74.048474269,44.9107423221,48.89467100428507,59.8069555252,59.5977924389
82.3178983644,36.3398626389,60.804471733662226,74.048474269,44.9107423221
97.2952029449,20.7034671976,82.45664286945768,82.3178983644,36.3398626389
112.4038290503,5.3712416656,103.98215616314913,97.2952029449,20.7034671976
108.721755148,9.4129257658,98.52034172972526,97.2952029449,20.7034671976
90.1117173615,28.3394013783,71.97360337396827,74.048474269,44.9107423221
83.1540160461,35.8885487987,61.71305105124087,74.048474269,44.9107423221
99.0307154747,20.0784498652,84.11905053872559,83.1540160461,35.8885487987
75.4221300186,42.6270261117,51.49832712566578,59.8069555252,59.5977924389
91.1633151425,26.4126819838,74.09677540431659,75.4221300186,42.6270261117
95.154655813,22.3050226955,79.82422380449836,91.1633151425,26.4126819838
108.7975330077,8.4589825413,99.26235452999211,95.154655813,22.3050226955
87.030080531,30.6787978366,68.15679866456233,75.4221300186,42.6270261117
101.3333524875,15.518825168,88.99926396918256,87.030080531,30.6787978366
112.3588643899,3.1846022161,105.54299294838012,101.3333524875,15.518825168
103.7792495699,13.0554152016,92.46972277897657,87.030080531,30.6787978366
103.9682676166,12.9085227588,92.7064393561787,87.030080531,30.6787978366
112.4776151006,4.2323467128,104.85901214487828,103.9682676166,12.9085227588
94.3022358054,23.1319890347,78.63718822924069,87.030080531,30.6787978366
90.9499059371,25.7026549144,74.46670028092313,75.4221300186,42.6270261117
100.3007380262,15.802553305,88.08470573822072,90.9499059371,25.7026549144
112.0917652006,2.9357425413,105.53701621724628,100.3007380262,15.802553305
105.1536541235,10.3431881675,95.38701770900697,90.9499059371,25.7026549144
102.8638708949,12.7515043727,92.06428140360765,90.9499059371,25.7026549144
104.6977804702,10.7237241599,94.79826246207305,90.9499059371,25.7026549144
93.985689772,22.4337665193,78.92782287863994,90.9499059371,25.7026549144
109.6837030168,5.7375504152,101.84487443482239,93.985689772,22.4337665193
79.821771106,38.2218374503,57.72428318401259,75.4221300186,42.6270261117
64.6321947665,54.89717498,35.16955324055763,54.597540687,65.1411950227
75.0218854222,45.0983958031,49.45107085174969,64.6321947665,54.89717498
77.5253185353,42.2722629622,53.214526057793634,64.6321947665,54.89717498
93.9724690481,25.6294221021,76.61309250715782,77.5253185353,42.2722629622
105.6906254179,13.9746089942,93.14033841466346,93.9724690481,25.6294221021
109.707024454,10.0416928152,98.76166307066983,105.6906254179,13.9746089942
94.5339368689,25.4157501621,77.16103146877185,77.5253185353,42.2722629622
85.6975655745,33.7887627709,64.99397414187212,77.5253185353,42.2722629622
100.0028729446,19.4604537015,85.24100502892534,85.6975655745,33.7887627709
99.5016999695,19.8253805287,84.62889634790614,85.6975655745,33.7887627709
90.4129751617,28.904451309,71.78305000870103,77.5253185353,42.2722629622
91.0924393532,28.1997040483,72.76199857146358,77.5253185353,42.2722629622
104.5363513963,15.2991521871,91.39430946802496,91.0924393532,28.1997040483
84.7080319085,34.7215846331,63.635855849671756,77.5253185353,42.2722629622
48.1036957051,88.2634959862,11.5739038355604,40,80
58.2121374673,99.2333093698,26.490920981451154,48.1036957051,88.2634959862
68.7682814669,110.2583090512,41.75469489602291,58.2121374673,99.2333093698
34.2545933008,62.1671572553,18.735527174232693,40,80
28.167757188,42.9927886626,38.85283277893052,34.2545933008,62.1671572553
26.0930298099,36.3327632159,45.82853580042801,28.167757188,42.9927886626
26.1341019362,36.4480805247,45.706223056265394,28.167757188,42.9927886626
24.9563209414,33.8239890387,48.5677805044309,28.167757188,42.9927886626
22.1864648998,24.5251181434,58.264960736540154,28.167757188,42.9927886626
17.3940887293,9.1052913923,74.41234214633894,22.1864648998,24.5251181434
12.0037126003,-9.0669043457,93.36715295394868,17.3940887293,9.1052913923
16.249565284,5.4749871857,78.21876404702726,22.1864648998,24.5251181434
17.1397963105,90.0827697971,24.985018701348643,40,80
-5.0111557367,100.2732749937,49.36761644562695,17.1397963105,90.0827697971
-10.9286485485,102.9825058851,55.875815367035294,-5.0111557367,100.2732749937
-5.2677163077,100.3267240449,49.62310345576517,17.1397963105,90.0827697971
6.0553185405,95.2556043518,37.21710212012578,17.1397963105,90.0827697971
-10.736321312,103.1352374165,55.765627295200474,6.0553185405,95.2556043518
-12.4390139278,103.8525721277,57.61190999830592,6.0553185405,95.2556043518
-4.2433323384,99.8560051869,48.49574648250946,17.1397963105,90.0827697971
-9.2000203271,102.0663520965,53.922936296593825,-4.2433323384,99.8560051869
4.2473726085,95.8866580643,39.12360802030239,17.1397963105,90.0827697971
40.7533246684,99.2974484402,19.31214680863309,40,80
41.1647752281,110.627692017,30.6498587062205,40.7533246684,99.2974484402
17.8423372562,83.7172035889,22.467301146094822,40,80
2.486547472,86.3428644115,38.04595239233169,17.8423372562,83.7172035889
-6.7774197512,87.313696743,47.34836217875397,17.8423372562,83.7172035889
16.7380822478,78.0538159491,23.343188511214464,40,80
4.9492275596,77.0875338143,35.171577920746465,16.7380822478,78.0538159491
12.052773368,77.5498444035,28.055524091147962,16.7380822478,78.0538159491
-8.3164548381,75.331224128,48.54522232316299,12.052773368,77.5498444035
8.6001043755,77.3328538668,31.51303980570929,16.7380822478,78.0538159491
-12.2226086463,75.3579577525,52.42919605513802,8.6001043755,77.3328538668
0.7710800729,76.399184019,39.39569502195502,16.7380822478,78.0538159491
-0.5030417725,76.7016661624,40.637252999617374,16.7380822478,78.0538159491
-4.0392450619,75.7900748883,44.2434720912226,16.7380822478,78.0538159491
-4.0879423516,76.3810869701,44.236281217944125,16.7380822478,78.0538159491
37.2692163623,68.6767625774,11.647870406409027,40,80
32.0751397574,49.2668318011,31.740750849947418,37.2692163623,68.6767625774
26.1301685938,27.6797410776,54.13148929334529,32.0751397574,49.2668318011
20.1599573265,4.8423542942,77.73635442049246,26.1301685938,27.6797410776
16.1178113232,-9.968057588,93.08846321480489,20.1599573265,4.8423542942
15.9023807362,-11.0772152763,94.21542155829673,20.1599573265,4.8423542942
19.7250903205,2.8377987012,79.78753760059486,20.1599573265,4.8423542942
28.342037475,35.9310021738,45.589231073395496,32.0751397574,49.2668318011
32.9512376844,48.8255156675,31.96330650166953,37.2692163623,68.6767625774
29.8038405435,33.9312625756,47.18647581453333,32.9512376844,48.8255156675
30.4705148655,37.3972179461,43.65774853680603,32.9512376844,48.8255156675
30.3138663838,36.8685139291,44.20771820453746,32.9512376844,48.8255156675
27.1166829591,21.7169602668,59.69292276349414,30.3138663838,36.8685139291
27.3372914111,23.6052508094,57.80088366187292,30.3138663838,36.8685139291
21.1200951458,-0.0414676417,82.25125836057342,27.3372914111,23.6052508094
18.6324439445,-11.1227083659,93.60829602393432,21.1200951458,-0.0414676417
18.1596096846,-12.4714791546,95.0289600465889,21.1200951458,-0.0414676417
24.9575673462,13.6859652172,68.00100516031158,30.3138663838,36.8685139291
20.1201704939,-6.5362449542,88.79374890717952,24.9575673462,13.6859652172
20.2792798508,-6.7054615129,88.92220632034665,24.9575673462,13.6859652172
21.5156615894,-2.3894459726,84.44076063780697,24.9575673462,13.6859652172
19.375633002,-12.4003820786,94.67787761834909,21.5156615894,-2.3894459726
20.3228743893,-9.1262225447,91.27924154730874,24.9575673462,13.6859652172
30.0059322678,32.0417775762,49.00351449084641,32.9512376844,48.8255156675
28.1275118006,23.4027226243,57.844426995421024,30.0059322678,32.0417775762
23.5323543761,-1.1362969725,82.80998235732059,28.1275118006,23.4027226243
28.578143083,27.8549932525,53.38494898656809,32.9512376844,48.8255156675
27.2099171739,20.2896537458,61.07301792421221,28.578143083,27.8549932525
23.4661731163,-1.4073369605,83.09062508934448,27.2099171739,20.2896537458
23.4088235898,-0.1685892528,81.8813820844448,27.2099171739,20.2896537458
21.6166242307,-10.3014765595,92.17154164166452,23.4088235898,-0.1685892528
25.2604719512,9.9643835905,71.58057636835483,28.578143083,27.8549932525
21.7710921963,-8.7622173175,90.62949635457485,25.2604719512,9.9643835905
24.3956674358,7.9449594515,73.72954405494887,28.578143083,27.8549932525
20.3330196467,-11.0037289709,93.10886034803504,24.3956674358,7.9449594515
21.0256171011,-7.4285700925,89.4681160962318,24.3956674358,7.9449594515
20.6670262456,-8.0616640215,90.16471244872113,24.3956674358,7.9449594515
24.2514100385,5.8449249354,75.81626027596394,28.578143083,27.8549932525
20.8063652696,-11.0789556949,93.0872205575571,24.2514100385,5.8449249354
24.4054897234,6.6479944021,74.99855202493835,28.578143083,27.8549932525
24.4756316883,6.8223010444,74.8140119913827,28.578143083,27.8549932525
22.5390864085,-1.9400665173,83.78782349525596,24.4756316883,6.8223010444
24.5136122968,6.6636329313,74.96258006078236,28.578143083,27.8549932525
23.7460394416,2.4779239761,79.21808561778512,24.5136122968,6.6636329313
21.3352262927,-9.7976484695,91.72789911373756,24.5136122968,6.6636329313
42.6404814442,79.2771825658,2.7376280427311483,40,80
40.4352074593,90.8794815405,10.888182774123077,40,80
27.080641572,96.7276781566,21.1358709000109,40,80
20.0894072477,105.5789942473,32.41519507811462,27.080641572,96.7276781566
17.7941768264,109.1108221928,36.614264992827735,27.080641572,96.7276781566
16.4998791242,111.7271241336,39.49168506320497,27.080641572,96.7276781566
17.0458472342,109.8867873247,37.68456424721859,27.080641572,96.7276781566
15.8889221574,110.6956799836,39.03446465746039,27.080641572,96.7276781566
30.6689783916,97.7584626414,20.06068193363394,40,80
23.6587287221,111.2702197435,35.28274422541538,30.6689783916,97.7584626414
31.3708655676,102.0053848158,23.636812855033405,40,80
26.9632061079,95.1570310374,19.992338153747873,40,80
19.960873172,103.2142765552,30.66716236210363,26.9632061079,95.1570310374
17.4014024375,106.8404758877,35.089721138930315,26.9632061079,95.1570310374
22.955979159,99.8660657038,26.17561198800003,26.9632061079,95.1570310374
44.4236615268,64.3371934286,16.275512004136196,40,80
23.7203854732,88.2055053511,18.23063814593796,40,80
5.0068251355,97.7679385059,39.2458104829129,23.7203854732,88.2055053511
-0.0199902629,100.4683560353,44.95204635980076,5.0068251355,97.7679385059
-8.3677024055,104.2995560078,54.13003078953608,5.0068251355,97.7679385059
-9.7323020739,105.4800445924,55.88066699519776,5.0068251355,97.7679385059
-11.2786203593,106.0307824616,57.50752795965505,5.0068251355,97.7679385059
30.0369475888,91.4655932833,15.189543860378825,40,80
17.3557061078,105.2949455134,33.95293557412842,30.0369475888,91.4655932833
10.5177973013,112.3758727253,43.79653892992431,17.3557061078,105.2949455134
52.2046706719,86.5882542203,13.869357587171683,40,80
70.7813637149,96.2137061935,34.79166267294616,52.2046706719,86.5882542203
92.4544530155,107.3857410762,59.1747954341819,70.7813637149,96.2137061935
99.5251006697,110.9282668979,67.08324328741172,92.4544530155,107.3857410762
85.2323223522,103.8342570943,51.12882893789674,70.7813637149,96.2137061935
92.8739800255,108.0870299929,59.87417108803423,85.2323223522,103.8342570943
98.4454911728,110.8437104379,66.08611032382318,85.2323223522,103.8342570943
100.7180414075,112.0481391477,68.65810042610302,98.4454911728,110.8437104379
84.9633819825,103.0115163222,50.51870513770717,70.7813637149,96.2137061935
90.8696482696,106.7067669463,57.45536714314588,70.7813637149,96.2137061935
98.621617457,110.7943393418,66.21900077143343,90.8696482696,106.7067669463
79.9017070473,100.618053618,44.91978879462103,70.7813637149,96.2137061935
92.6480741176,108.2727986576,59.76314110121032,70.7813637149,96.2137061935
77.7712678078,99.576816656,42.54854807953283,70.7813637149,96.2137061935
64.5152658548,75.1555605631,24.989334792853434,40,80
71.962090352,73.6243644658,32.59194990743636,64.5152658548,75.1555605631
89.8078212381,69.4947354414,50.90926266718009,71.962090352,73.6243644658
88.2791469848,70.617967156,49.182552856784625,64.5152658548,75.1555605631
107.6985118535,67.1237972248,68.91377064514737,88.2791469848,70.617967156
108.0594917176,67.426635216,69.21868614890646,88.2791469848,70.617967156
105.5073328063,67.3211633789,66.7233425153158,88.2791469848,70.617967156
87.3959986601,70.6771642605,48.30422203578628,64.5152658548,75.1555605631
90.5307094893,70.0337674408,51.504280074369916,87.3959986601,70.6771642605
105.0726238808,66.8214831945,66.39646776913287,87.3959986601,70.6771642605
109.1142121575,66.4122394158,70.43723767870279,87.3959986601,70.6771642605
73.4885736904,73.2898435864,34.154549102927525,64.5152658548,75.1555605631
95.3306460671,68.4116052007,56.5347487324375,73.4885736904,73.2898435864
78.7681297761,72.301986723,39.525049898069206,64.5152658548,75.1555605631
100.2496448476,68.0851971628,61.41652778244452,78.7681297761,72.301986723
96.0997338922,68.876407668,57.191942468616794,78.7681297761,72.301986723
102.2348178661,67.2304241665,63.53351083745141,78.7681297761,72.301986723
111.1851464968,65.4953090248,72.650473443083,102.2348178661,67.2304241665
35.6265145874,83.1773660822,5.405832949189229,40,80
15.7081430784,84.1896457653,24.650505965155812,40,80
-5.3032079424,88.1279911341,46.02777042914235,15.7081430784,84.1896457653
-5.8462351992,88.5585227426,46.64319359028832,15.7081430784,84.1896457653
-11.7357850952,89.688840068,52.64022745992529,-5.8462351992,88.5585227426
-0.785855893,87.1876259541,41.414750275025,15.7081430784,84.1896457653
-6.6096713401,88.1355153189,47.314458112842544,15.7081430784,84.1896457653
-5.1855210528,88.0374075997,45.895516484373225,15.7081430784,84.1896457653
23.181985155,79.4705439212,16.826346812841418,40,80
1.5398438959,79.9050916054,38.47285022490966,23.181985155,79.4705439212
4.9342588383,78.9055025609,35.08281929434878,23.181985155,79.4705439212
43.3353623091,67.5426923689,12.896090692486116,40,80
49.1493452814,44.4558180944,36.70378192386688,43.3353623091,67.5426923689
51.7301147136,33.3288943045,48.12607608434185,49.1493452814,44.4558180944
53.3882657442,27.0385209498,54.62948097615591,49.1493452814,44.4558180944
58.5042708204,4.1567236566,78.07623246344725,53.3882657442,27.0385209498
61.7287521085,-10.3863152889,92.97244880678883,58.5042708204,4.1567236566
61.3029815455,-8.1993917048,90.74534326677575,58.5042708204,4.1567236566
58.3353538552,5.5362897648,76.6934703414358,53.3882657442,27.0385209498
54.3025259356,23.518068103,58.26635703810571,49.1493452814,44.4558180944
56.7009133669,13.8157801149,68.2606881550263,54.3025259356,23.518068103
61.6348338054,-5.8702075412,88.55555649383476,56.7009133669,13.8157801149
61.4898870494,-6.5020255333,89.13525390595164,56.7009133669,13.8157801149
62.3115296358,-8.1147089571,90.89750254782365,56.7009133669,13.8157801149
61.6113410669,-7.2661695085,89.90695573446139,56.7009133669,13.8157801149
54.8911698564,22.0800386212,59.80451906542477,49.1493452814,44.4558180944
60.8469303168,2.5010864815,80.26928023066506,54.8911698564,22.0800386212
60.5040081,-0.3197469867,82.89681969634292,54.8911698564,22.0800386212
59.9943390635,3.8904107171,78.69644589266785,54.8911698564,22.0800386212
63.4123794524,-6.682791564,89.80840371193669,59.9943390635,3.8904107171
62.055044783,-4.3574680147,87.19785822456065,59.9943390635,3.8904107171
49.0823574238,95.3203216208,17.81015078370778,40,80
57.4117073324,109.2212863282,34.01554771486238,49.0823574238,95.3203216208
58.2378735848,110.203770171,35.2841462318239,49.0823574238,95.3203216208
56.4032971907,107.0402055489,31.628683207909514,49.0823574238,95.3203216208
29.6204550281,102.0871472427,24.404446872330556,40,80
45.2246575502,93.5819868827,14.552230557502053,40,80
52.3552992073,109.8862529528,32.347599127064875,45.2246575502,93.5819868827
58.9126649374,69.3494549125,21.70536813083874,40,80
57.022148595,94.350097279,22.263845910062876,40,80
57.0277489816,90.3968981851,19.95093299201106,40,80
63.0721510243,93.7989600766,26.886985267433477,57.0277489816,90.3968981851
78.8735530946,103.1452759902,45.24557803877883,63.0721510243,93.7989600766
75.9792345255,101.7601901251,42.04806420930531,57.0277489816,90.3968981851
74.5873808413,101.0338035549,40.48101888794125,57.0277489816,90.3968981851
16.5673699997,83.3702614028,23.67375784817786,40,80
-6.4384437075,86.4789946644,46.888660105610896,16.5673699997,83.3702614028
13.0670400138,83.8476025232,27.20648548492194,16.5673699997,83.3702614028
-8.7236887924,87.3988541699,49.28469306985836,13.0670400138,83.8476025232
-10.5989978202,86.6140479911,51.033666755210376,13.0670400138,83.8476025232
9.5812384489,84.0290497666,30.69088234139882,16.5673699997,83.3702614028
-10.1402044231,85.5176586251,50.46842681201409,9.5812384489,84.0290497666
5.9976266881,84.7913897972,34.33861038285844,16.5673699997,83.3702614028
28.9385201901,81.1317400909,11.119225297572473,40,80
14.732274491,82.684917789,25.410123723671248,28.9385201901,81.1317400909
2.8972539679,83.5932461813,37.27994980708361,14.732274491,82.684917789
-9.5124635879,85.984407221,49.87834709657561,14.732274491,82.684917789
-8.5503875107,84.572067217,48.769140887263674,14.732274491,82.684917789
26.859595641,80.4563070529,13.148324716272889,40,80
2.8517778294,80.7834324591,37.158371094952784,26.859595641,80.4563070529
-10.3245152459,81.1400211568,50.339488449165444,2.8517778294,80.7834324591
4.4796668359,80.6756424626,35.529328298402376,26.859595641,80.4563070529
4.5847983811,80.0630711515,35.4265927693285,26.859595641,80.4563070529
38.279125917,78.1566505114,2.521774166467521,40,80
23.5671312872,59.9543989483,25.926148713838796,38.279125917,78.1566505114
15.5060222279,49.6139639207,39.037444447897485,23.5671312872,59.9543989483
16.3749703861,50.5606195297,37.757051899674806,23.5671312872,59.9543989483
8.2281078076,41.0285940452,50.28742397885569,23.5671312872,59.9543989483
-5.705995688,23.2543675301,72.87242715432981,8.2281078076,41.0285940452
-7.6700869083,21.8433877291,75.20377878079239,8.2281078076,41.0285940452
19.4708923244,55.0230463965,32.33687500892465,23.5671312872,59.9543989483
7.6268540186,39.6597269889,51.73565916178322,19.4708923244,55.0230463965
31.0786560008,88.5233844218,12.338495076541744,40,80
15.530271617,103.8571231046,34.17598117130075,31.0786560008,88.5233844218
7.9345148647,110.7626765974,44.44156394492024,15.530271617,103.8571231046
22.7648167759,66.8481421346,21.68001167158316,40,80
17.8002115853,77.3366836712,22.358977157390292,40,80
3.8250054656,75.250508845,36.489034181110014,17.8002115853,77.3366836712
-10.2208512111,73.0718564255,50.70285197040896,3.8250054656,75.250508845
-12.4432650093,72.5845421957,52.97430040339721,3.8250054656,75.250508845
-5.9081475838,74.4421046894,46.24338382728533,17.8002115853,77.3366836712
0.0685663958,75.0774923729,40.23396489021498,17.8002115853,77.3366836712
3.2911357977,75.5519640067,36.97740745927885,17.8002115853,77.3366836712
-0.1773318285,74.8419562245,40.508790716443244,17.8002115853,77.3366836712
-12.3531310241,73.2193516145,52.79223208162942,-0.1773318285,74.8419562245
-0.5407489802,75.3432060126,40.80795511392121,17.8002115853,77.3366836712
2.3451335288,75.9822838163,37.87328786394316,17.8002115853,77.3366836712
9.35715083,76.8814860232,30.814299730564645,17.8002115853,77.3366836712
12.8565513222,76.6925488507,27.344424626167246,17.8002115853,77.3366836712
-10.7652042022,73.7506368927,51.148671726698396,12.8565513222,76.6925488507
-9.0281812281,73.3078950143,49.48934278791302,12.8565513222,76.6925488507
-7.0263746595,74.1301299965,47.39178694588703,12.8565513222,76.6925488507
52.484291157,88.9693015013,15.372244309598086,40,80
67.5739834232,99.7936445891,33.942791312070035,52.484291157,88.9693015013
64.6034154311,97.9188002762,30.437658392623373,52.484291157,88.9693015013
77.9132171762,107.4863343588,46.82937980666588,64.6034154311,97.9188002762
50.8397375901,95.7367999276,19.10881427466232,40,80
42.6571532946,70.749095015,9.624952294557183,40,80
41.0978388334,98.6917394593,18.72395188304204,40,80
44.6994116169,95.7340041285,16.42082079132191,40,80
48.5074420039,108.8437190095,30.072403838332548,44.6994116169,95.7340041285
46.019003601,76.5027272084,6.961272967476324,40,80
65.3007704782,65.611133662,29.10655110722135,46.019003601,76.5027272084
63.5188852894,66.2791959217,27.22864702229979,46.019003601,76.5027272084
79.9991178702,56.5501251035,46.366381603561294,63.5188852894,66.2791959217
101.0081473098,44.6698820292,70.50182221479591,79.9991178702,56.5501251035
106.3075519416,41.259624062,76.80369089435393,101.0081473098,44.6698820292
111.5337093704,38.7602476536,82.57291309941837,101.0081473098,44.6698820292
98.4078566093,46.438490303,67.3694009175343,79.9991178702,56.5501251035
97.3971052524,45.8918509288,66.76953756861404,79.9991178702,56.5501251035
108.0722819446,39.8966002448,79.0130022814187,97.3971052524,45.8918509288
105.3137063912,41.6249300388,75.76282325696887,97.3971052524,45.8918509288
105.564424624,41.583093905,76.00373990600401,97.3971052524,45.8918509288
51.4368658313,96.5669889103,20.131244909273754,40,80
58.8445399276,106.779047157,32.74709879044198,51.4368658313,96.5669889103
35.8762248026,62.7532601031,17.73289482712887,40,80
31.3839679736,44.1107628176,36.90900174322557,35.8762248026,62.7532601031
26.6611480006,25.3589485198,56.246415426460054,31.3839679736,44.1107628176
27.2082974556,25.8225668721,55.66784859520176,31.3839679736,44.1107628176
45.5030865504,63.5335582541,17.36167230863178,40,80
48.1766078078,55.3376424727,25.982620714089922,45.5030865504,63.5335582541
53.9294444557,38.7892052926,43.50249236319561,48.1766078078,55.3376424727
56.6996333984,30.4244463614,52.314026778684635,53.9294444557,38.7892052926
64.1717399928,9.3261318449,74.69641388094053,56.6996333984,30.4244463614
71.2083340078,-10.0179400222,95.28055271965475,64.1717399928,9.3261318449
65.3427206134,7.350454471,76.95367081759764,56.6996333984,30.4244463614
54.0601121509,36.9570919408,45.281850263763815,48.1766078078,55.3376424727
60.9798528969,15.5698573024,67.76065400128128,54.0601121509,36.9570919408
69.4616930455,-7.0668797965,91.93426520836242,60.9798528969,15.5698573024
67.6037341253,-2.2387539118,86.76124441069962,60.9798528969,15.5698573024
61.4846046375,13.3762787725,70.00386147567475,54.0601121509,36.9570919408
67.8695512024,-6.8733571351,91.23627295028102,61.4846046375,13.3762787725
60.9738684459,16.0149039322,67.33576748257558,54.0601121509,36.9570919408
66.3522063387,2.4442487513,81.93334264175925,60.9738684459,16.0149039322
65.4158039573,2.7754244374,81.30053058048262,60.9738684459,16.0149039322
66.4002001527,0.2895310943,83.97104405626638,60.9738684459,16.0149039322
57.0568373274,27.6946112498,55.017039544646686,54.0601121509,36.9570919408
62.1589563528,11.395014191,72.09651502923316,57.0568373274,27.6946112498
63.5250237426,8.9512745164,74.84505274323519,57.0568373274,27.6946112498
62.5624223373,10.3197585475,73.24331104289496,57.0568373274,27.6946112498
68.5073845313,-7.9194957488,92.42697525944095,62.5624223373,10.3197585475
49.9927188037,51.5803153733,30.130259275765905,45.5030865504,63.5335582541
56.4049651278,33.6205105029,49.20043216181436,49.9927188037,51.5803153733
41.6171808217,62.6853475092,17.39001048554143,40,80
43.4532715593,38.8463519419,41.299609789052354,41.6171808217,62.6853475092
45.6056360472,15.5937164379,64.651648902814,43.4532715593,38.8463519419
44.7852747556,26.4754521278,53.74201288192202,43.4532715593,38.8463519419
45.2255051857,19.0558670732,61.169287777504664,43.4532715593,38.8463519419
44.9217158797,23.485603669,56.73038800097399,43.4532715593,38.8463519419
46.9524590863,1.7844953487,78.52630551551202,44.9217158797,23.485603669
45.4052333731,16.6080827352,63.62338124981128,43.4532715593,38.8463519419
46.951160998,-1.1728638472,81.47140505043389,45.4052333731,16.6080827352
45.180945187,17.1097614854,63.104751862367465,43.4532715593,38.8463519419
45.5942848894,-7.8123310979,88.03027188583252,45.180945187,17.1097614854
45.6573474905,12.404653304,67.83391692117618,45.180945187,17.1097614854
49.4229004275,-11.5692228338,92.10171710973727,45.6573474905,12.404653304
42.6864001032,47.1054529338,33.00655123093411,41.6171808217,62.6853475092
44.3709931066,23.6443074405,56.5280988297826,42.6864001032,47.1054529338
44.7865310043,29.3015184556,50.93392227930018,42.6864001032,47.1054529338
43.8545690466,30.6951112543,49.45841838084324,42.6864001032,47.1054529338
44.6287846782,19.3743611837,60.80561151417818,43.8545690466,30.6951112543
45.6657485564,7.98291049,72.24272075714146,43.8545690466,30.6951112543
46.1888479497,-12.108498604,92.34093839845823,45.6657485564,7.98291049
46.0453119396,-9.8961249678,90.12578473575363,45.6657485564,7.98291049
46.5708190873,-10.9424209357,91.18968152235368,45.6657485564,7.98291049
46.0141474903,-11.4640209522,91.69277279652607,45.6657485564,7.98291049
45.4370544067,26.690036086,53.60643822496394,42.6864001032,47.1054529338
43.7530388278,28.0101528672,52.13161862433982,42.6864001032,47.1054529338
44.0073473315,22.0072985116,58.13985740368273,43.7530388278,28.0101528672
44.9544135814,26.5808411368,53.65609298262556,42.6864001032,47.1054529338
47.246062267,6.8670985093,73.50258642810662,44.9544135814,26.5808411368
62.5710760528,83.4798452275,22.837749385362738,40,80
86.2661812903,86.6628237086,46.74568455817399,62.5710760528,83.4798452275
90.1768126449,87.1370272168,50.68496197399149,86.2661812903,86.6628237086
77.5230990864,85.6689210818,37.949170426852646,62.5710760528,83.4798452275
100.5019796197,88.95521533,61.161854038391965,77.5230990864,85.6689210818
110.9572219547,90.422076642,71.71949460777198,100.5019796197,88.95521533
100.4895001529,89.3815329459,61.21371565775688,77.5230990864,85.6689210818
89.8015797233,87.5257147031,50.367252778924104,77.5230990864,85.6689210818
90.5928352377,87.8222316178,51.195103739724445,77.5230990864,85.6689210818
83.829112786,86.215558085,44.27109374849867,62.5710760528,83.4798452275
65.8512393485,83.9959357794,26.158264511697496,62.5710760528,83.4798452275
44.4195562875,101.3653516657,21.817670122572913,40,80
45.4280666251,107.0869768418,27.627496949323202,44.4195562875,101.3653516657
46.1380728677,108.1862446781,28.851721638095764,44.4195562875,101.3653516657
60.0608652358,75.7455439602,20.507040503288614,40,80
18.6131222788,75.8802704938,21.780053027158033,40,80
2.8422406141,73.1061744387,37.793057661045204,18.6131222788,75.8802704938
0.7867514851,72.4708170993,39.92953974507234,18.6131222788,75.8802704938
-7.1994391554,70.9278206412,48.06342436535796,0.7867514851,72.4708170993
-2.443749839,71.8177596934,43.225235642112594,18.6131222788,75.8802704938
1.1165951716,72.8492457486,39.537180379829664,18.6131222788,75.8802704938
46.7826208674,99.2075636595,20.369939802675777,40,80
48.8511909672,104.9260637158,26.45107663321081,46.7826208674,99.2075636595
51.208203723,112.207775976,34.10279470928055,46.7826208674,99.2075636595
53.1309057995,94.8677777162,19.836116084901196,40,80
68.59455891,111.9906878975,42.908147217828,53.1309057995,94.8677777162
65.9705350564,108.9071700201,38.86137865122203,53.1309057995,94.8677777162
61.8148811998,104.778761677,33.013332476243136,53.1309057995,94.8677777162
37.6574915654,59.5689017422,20.564948864173,40,80
36.9464198864,53.6915275175,26.485181183081085,37.6574915654,59.5689017422
36.6828427229,49.2633937705,30.91644319692316,37.6574915654,59.5689017422
36.3468537024,47.4481595933,32.756345906680075,37.6574915654,59.5689017422
34.6374032857,31.2108883139,49.08335418523447,36.3468537024,47.4481595933
32.2004206018,10.22695132,70.20832747197719,34.6374032857,31.2108883139
30.8392327928,-1.1494956128,81.66591784108118,32.2004206018,10.22695132
29.7517138233,-8.3643453273,88.9601934035313,32.2004206018,10.22695132
30.5094500575,-0.7607248124,81.32535981753608,32.2004206018,10.22695132
29.2763929623,-10.4963402032,91.13689047071394,32.2004206018,10.22695132
32.6065658979,10.3246916277,70.06805128836936,34.6374032857,31.2108883139
30.6439334345,-12.4642449699,92.9413448298737,32.6065658979,10.3246916277
33.0135391093,16.0010177052,64.37966415845322,34.6374032857,31.2108883139
31.842343475,7.1777196214,73.27850983151112,34.6374032857,31.2108883139
33.612805978,25.4164920775,54.95700784469565,36.3468537024,47.4481595933
61.0941636934,89.552195812,23.156169518181215,40,80
51.863531133,77.4395537572,12.136690484062324,40,80
50.5906530538,68.4640032765,15.660177282220214,40,80
38.3372199265,89.0987605211,9.24944758313472,40,80
34.5987722876,107.8686726372,28.388036653254666,38.3372199265,89.0987605211
34.3261210689,108.618105775,29.17665895819642,38.3372199265,89.0987605211
52.5512028121,62.8761184844,21.231109490339275,40,80
57.2003956004,56.666091168,28.988649877163883,52.5512028121,62.8761184844
61.3115460907,50.1561798336,36.67586438120847,52.5512028121,62.8761184844
62.1291442206,49.9330021475,37.33270016130054,52.5512028121,62.8761184844
75.7416548489,31.7111008427,60.07776847879417,62.1291442206,49.9330021475
76.0612275219,31.3238186641,60.579305398048746,62.1291442206,49.9330021475
79.026572519,27.4739165019,65.43883393591517,76.0612275219,31.3238186641
93.3750113369,8.7735346745,89.00962045231236,79.026572519,27.4739165019
107.8258397826,-9.7626514461,112.51316568839486,93.3750113369,8.7735346745
87.8735110189,14.8035669767,80.88813986063033,76.0612275219,31.3238186641
96.4976147406,2.8570764434,95.6222431948976,87.8735110189,14.8035669767
89.1714541643,14.3709721948,82.0100554088802,76.0612275219,31.3238186641
103.2272055522,-3.5849715582,104.81312676208508,89.1714541643,14.3709721948
91.5343938437,11.8129233798,85.4809902972078,76.0612275219,31.3238186641
63.4036461967,45.8483614447,41.42318806633044,52.5512028121,62.8761184844
68.3246620124,38.1318129571,50.57531990650032,63.4036461967,45.8483614447
66.6890463197,43.3134942235,45.36769762989498,52.5512028121,62.8761184844
72.7086027518,34.7616642748,55.8256541755457,66.6890463197,43.3134942235
82.5414762309,20.6513593685,73.0240874008352,72.7086027518,34.7616642748
96.7735820142,0.1619979387,97.97136714889625,82.5414762309,20.6513593685
74.0896958951,32.9961075123,58.06486592390111,66.6890463197,43.3134942235
88.3870057822,12.708385355,82.88430871256115,74.0896958951,32.9961075123
97.5333745055,-0.5294555955,98.97456955113351,88.3870057822,12.708385355
97.9161241938,-0.1139759673,98.85982271311553,88.3870057822,12.708385355
106.115684081,-11.4861124222,112.87974674617095,97.9161241938,-0.1139759673
58.5152266879,54.7723585341,31.292943623498033,52.5512028121,62.8761184844
69.7823698768,39.3403779374,50.40039088303799,58.5152266879,54.7723585341
67.4403244266,42.6509913228,46.34568133849614,58.5152266879,54.7723585341
79.3905157679,26.5789625737,66.37359139435515,67.4403244266,42.6509913228
79.7097144414,25.79019666,67.19812311389451,67.4403244266,42.6509913228
33.8401336763,78.3403188454,6.379537182334446,40,80
33.7888495067,61.056969733,19.935315050103892,40,80
27.9572731928,43.893998181,38.06194945364392,33.7888495067,61.056969733
20.422739213,20.3628537129,62.76992311137947,27.9572731928,43.893998181
13.7638319361,1.5985189166,82.6807570082806,20.422739213,20.3628537129
13.2409604831,-1.8527939389,86.11757709018794,20.422739213,20.3628537129
12.5822957214,-2.0504407832,86.51499258514347,20.422739213,20.3628537129
9.6220256848,-10.9381495822,95.8827333151922,12.5822957214,-2.0504407832
9.5578559583,-11.2170909393,96.1676974374089,12.5822957214,-2.0504407832
27.5726450554,43.1120442008,38.92640638621634,33.7888495067,61.056969733
25.6352011668,69.2166506344,17.961850379593137,40,80
9.6649377677,57.2938395877,37.891796096828415,25.6352011668,69.2166506344
57.764173861,62.9597588571,24.615761031745855,40,80
20.1742340732,89.5550109376,22.00816277206981,40,80
3.9540997148,96.8851220406,39.80769331045402,20.1742340732,89.5550109376
-11.3979879065,103.9627430013,56.712701822590674,3.9540997148,96.8851220406
3.2414984372,97.165884877,40.572724125360715,20.1742340732,89.5550109376
33.4406783832,57.0232669887,23.894663838296257,40,80
21.3711740794,83.6055892784,18.974546877976596,40,80
24.3920730256,92.8958945937,20.246270812424306,40,80
11.0725917465,103.524768942,37.2868562324222,24.3920730256,92.8958945937
64.1517823291,77.1396539826,24.320570902252342,40,80
86.6461574869,74.3627717697,46.985698048689656,64.1517823291,77.1396539826
107.02140844,71.6905866683,67.53542857290692,86.6461574869,74.3627717697
106.5827171005,71.9035757705,67.07335729980969,86.6461574869,74.3627717697
110.9174809567,70.8296998675,71.5128205876623,86.6461574869,74.3627717697
100.7204167425,72.7388523426,61.15333327477998,86.6461574869,74.3627717697
34.6158814412,93.3149930836,14.362373531959486,40,80
27.1186839518,111.9575075757,34.455937595689555,34.6158814412,93.3149930836
59.1875210375,68.0071148437,22.627201725726188,40,80
67.1067549688,63.2683328798,31.85597848974195,59.1875210375,68.0071148437
74.3362687696,58.5566673436,40.48204744902918,59.1875210375,68.0071148437
88.2694358974,49.7472362244,56.96656208717173,74.3362687696,58.5566673436
97.8035423706,43.7916143856,68.20794179471233,88.2694358974,49.7472362244
108.1025016034,37.3938550889,80.33227459026995,88.2694358974,49.7472362244
96.6948034638,44.522901497,66.88021388521581,88.2694358974,49.7472362244
108.5226673443,36.8576153842,80.97355501518788,88.2694358974,49.7472362244
101.4481371163,41.4148040832,72.55846996288531,88.2694358974,49.7472362244
110.9724251479,35.055766585,84.01051870590037,101.4481371163,41.4148040832
78.4396603143,56.2437301068,45.18871956477321,59.1875210375,68.0071148437
92.5941310358,47.4944769342,61.828986163720835,78.4396603143,56.2437301068
106.5025857157,38.6646557368,78.30353787115392,92.5941310358,47.4944769342
100.1609996373,43.0768535977,70.59100056541841,92.5941310358,47.4944769342
89.1478332078,50.0080800913,57.580180246746636,78.4396603143,56.2437301068
106.2678545377,39.6643516453,77.58237633869665,89.1478332078,50.0080800913
93.1995880834,47.6196453959,62.283464513143414,78.4396603143,56.2437301068
108.6195041089,38.6264512436,80.13427265435749,93.1995880834,47.6196453959
50.676909095,87.0007621457,12.767421761795124,40,80
28.2597832777,83.7773542894,12.332927232178948,40,80
5.8225067263,90.2861840217,35.69520973042977,28.2597832777,83.7773542894
4.5413170764,90.8742256046,37.09037502888689,28.2597832777,83.7773542894
-12.0101848284,96.4814597557,54.565880461630755,4.5413170764,90.8742256046
37.8033097685,61.7377947272,18.39384650906525,40,80
34.4776732835,40.730073956,39.66317160487097,37.8033097685,61.7377947272
63.7936931755,74.0168724786,24.534417659018715,40,80
85.9538326976,68.8002098684,47.30029898234106,63.7936931755,74.0168724786
88.7618233925,68.1485397257,50.18291684073499,85.9538326976,68.8002098684
111.6466594425,62.6313529863,73.72341536036686,88.7618233925,68.1485397257
71.9759010627,72.0427329022,32.95140957872891,63.7936931755,74.0168724786
89.9771980966,67.2950310556,51.568266663825355,71.9759010627,72.0427329022
107.6873842279,62.0599562969,70.03598716567583,89.9771980966,67.2950310556
102.5479497546,63.9058481736,64.58788101505525,89.9771980966,67.2950310556
85.1441745218,68.6862781864,46.54028708575892,63.7936931755,74.0168724786
106.9799388542,63.1977358213,69.05527545514542,85.1441745218,68.6862781864
26.8005005692,61.9351294797,22.373339762737558,40,80
16.1887192545,47.3648149508,40.39843249875671,26.8005005692,61.9351294797
47.088434942,70.9785091864,11.473151547279224,40,80
62.2695602032,52.4315470119,35.44097101627929,47.088434942,70.9785091864
71.9316605388,40.4912531247,50.80087990298521,62.2695602032,52.4315470119
73.9175043013,37.9568080082,54.02033244065814,62.2695602032,52.4315470119
74.1425703493,37.2754879105,54.69387982026326,62.2695602032,52.4315470119
76.6484907296,34.9800360535,58.05311107011305,62.2695602032,52.4315470119
78.8991381523,32.2545472545,61.58775433567474,76.6484907296,34.9800360535
84.272587499,25.5763318763,70.15916343252518,76.6484907296,34.9800360535
98.5224688142,7.983842574,92.79883651649055,84.272587499,25.5763318763
109.802233345,-5.8392515797,110.64010944900153,98.5224688142,7.983842574
84.5153268268,25.3065909587,70.52157730226523,76.6484907296,34.9800360535
100.3137164915,6.0884189571,95.39982585558549,84.5153268268,25.3065909587
112.1859790836,-8.0459548749,113.85873001261777,100.3137164915,6.0884189571
109.2445069939,-4.3828563595,109.16233383028961,100.3137164915,6.0884189571
70.0868018085,42.6673298178,47.94893662740852,62.2695602032,52.4315470119
82.1298682052,27.4610197363,67.34654767954721,70.0868018085,42.6673298178
89.8135391156,17.9291673057,79.58970942061976,82.1298682052,27.4610197363
97.2231238813,8.4871796236,91.59140229916555,82.1298682052,27.4610197363
96.1145609706,9.8821470403,89.80959282050718,82.1298682052,27.4610197363
59.6199156539,49.626962909,36.23050474322236,47.088434942,70.9785091864
63.8831014114,42.2635112909,44.73904001875894,59.6199156539,49.626962909
68.5755715131,35.0857141349,53.31458942786563,63.8831014114,42.2635112909
60.5788667297,54.6828968557,32.628262774853724,47.088434942,70.9785091864
68.0662059038,45.6151845478,44.38766983502702,60.5788667297,54.6828968557
77.9110425424,33.7585479279,59.79872561901128,68.0662059038,45.6151845478
76.1915479085,35.736650551,57.17853899792735,60.5788667297,54.6828968557
88.0423965795,21.7018059056,75.54752041888412,76.1915479085,35.736650551
24.4897416003,72.7915634288,17.103498865041562,40,80
44.3449979258,93.2698510075,13.96309252051475,40,80
50.0472564583,109.3359864936,31.011155807269375,44.3449979258,93.2698510075
50.4526090931,110.9180059853,32.63821737394946,44.3449979258,93.2698510075
52.3948673034,68.1503955773,17.147765465020964,40,80
70.118477465,51.4300758335,41.513631948593414,52.3948673034,68.1503955773
77.9476068728,44.0164247541,52.29590859182454,70.118477465,51.4300758335
94.012042745,29.3568162064,74.04378717029341,77.9476068728,44.0164247541
111.6494890316,13.0138934894,98.0889661974193,94.012042745,29.3568162064
94.9523040969,28.1678406411,75.5410660675258,77.9476068728,44.0164247541
110.0752010084,13.9450697934,96.30134596886725,94.9523040969,28.1678406411
102.8373237947,20.3263493895,86.6614312001828,94.9523040969,28.1678406411
99.7633375263,23.7955643272,82.04205390199338,94.9523040969,28.1678406411
54.0419038122,72.304934967,16.01215440011669,40,80
52.1685687169,100.6868083428,24.000377164320923,40,80
31.6008079225,85.6715232343,10.134722657869995,40,80
13.2768677841,98.2523585482,32.361827718834185,31.6008079225,85.6715232343
7.3190454591,102.2584034513,39.5412457051282,13.2768677841,98.2523585482
1.7618267379,106.178923232,46.341334075717334,13.2768677841,98.2523585482
-0.7226863236,107.513948933,49.14767210242835,13.2768677841,98.2523585482
9.1249606581,100.9909334623,37.33557131325755,13.2768677841,98.2523585482
-1.74455616,108.1393512879,50.34503663001746,13.2768677841,98.2523585482
-7.8239628676,112.1716981297,57.640172473097174,-1.74455616,108.1393512879
21.7869028837,69.8502577147,20.850279974757704,40,80
12.2618640306,64.7432206463,31.65806387207339,21.7869028837,69.8502577147
-6.3733589615,53.4870218367,53.42899742133886,12.2618640306,64.7432206463
-11.908222701,50.3803274818,59.77614374308058,-6.3733589615,53.4870218367
-5.6696312285,54.4601469444,52.32881922803059,12.2618640306,64.7432206463
5.2879577813,60.8493484643,39.64473545572191,21.7869028837,69.8502577147
-8.6575136485,53.4196283632,55.44590358279585,5.2879577813,60.8493484643
-10.0362659158,52.3111109462,57.187065170849586,5.2879577813,60.8493484643
-2.0298801509,56.9841011733,47.92065767759712,5.2879577813,60.8493484643
60.1986530045,91.5115905713,23.248705354867397,40,80
77.7635513403,101.735527408,43.57244856294352,60.1986530045,91.5115905713
93.5603938183,111.2067020061,61.991009324915126,77.7635513403,101.735527408
31.5327661038,61.2189023045,20.601545585243688,40,80
26.0901401263,49.9950318147,33.07541612741147,31.5327661038,61.2189023045
22.7150880549,42.9993407385,40.84268858239968,31.5327661038,61.2189023045
24.3460473888,46.9318002528,36.59436306448172,31.5327661038,61.2189023045
22.8986987726,40.9655410807,42.618488141861775,31.5327661038,61.2189023045
15.5547708071,20.8366242605,64.04526042134856,22.8986987726,40.9655410807
19.9511156995,33.1971879002,50.9272520156164,22.8986987726,40.9655410807
12.300690807,14.3306403366,71.28592628496324,19.9511156995,33.1971879002
6.8796208693,0.9057811216,85.76400779502544,12.300690807,14.3306403366
12.4446428193,13.8622596766,71.66819183311122,19.9511156995,33.1971879002
13.7684638039,16.7476346135,68.50032766543221,19.9511156995,33.1971879002
5.5585799768,-4.2601970454,91.05539768224128,13.7684638039,16.7476346135
5.1619008805,-5.7770445959,92.61327229774164,13.7684638039,16.7476346135
10.6837012256,8.7099783113,77.10960632260061,13.7684638039,16.7476346135
3.7843883161,-10.1027785796,97.14757878638294,10.6837012256,8.7099783113
3.2901027018,-10.1979200194,97.41167317342212,10.6837012256,8.7099783113
7.2964961603,0.7556335071,85.75511147953029,10.6837012256,8.7099783113
3.5812209354,-7.7556258131,95.04173797096126,10.6837012256,8.7099783113
14.465595387,20.5272371946,64.72824839503477,22.8986987726,40.9655410807
6.2324040811,-0.2286012923,87.05738340680418,14.465595387,20.5272371946
6.7354183484,2.2595197094,84.56420411103647,14.465595387,20.5272371946
15.7235447559,24.5093260196,60.57092110512724,22.8986987726,40.9655410807
11.7370775059,14.6428249597,71.21233850603443,15.7235447559,24.5093260196
2.6860589498,-7.0834542545,94.74852650231466,11.7370775059,14.6428249597
2.9734681844,-8.3654207168,95.83306590085489,11.7370775059,14.6428249597
3.8386684347,-5.550452583,92.89535775549614,11.7370775059,14.6428249597
2.3744060166,-9.4177291726,97.03055940106655,3.8386684347,-5.550452583
6.0977412087,3.4765369104,83.70172981648383,15.7235447559,24.5093260196
6.708134142,5.2072067559,81.87466341973759,15.7235447559,24.5093260196
22.1944772383,41.8072917533,42.14253588576099,31.5327661038,61.2189023045
13.6386533072,23.2013788663,62.62135707982917,22.1944772383,41.8072917533
10.2025992818,15.7653738578,70.81285497410373,13.6386533072,23.2013788663
0.9926193735,-3.0238229047,91.73790323907149,10.2025992818,15.7653738578
8.5381704005,11.7924736388,75.11847852325027,13.6386533072,23.2013788663
6.0059468678,6.5428075141,80.94528152538386,13.6386533072,23.2013788663
-2.6505110661,-11.8543150127,101.2772362082832,6.0059468678,6.5428075141
9.6347855072,14.3637052235,72.32369869288932,13.6386533072,23.2013788663
-1.2123221503,-8.0853035673,97.25596173142657,9.6347855072,14.3637052235
11.8226711483,20.3604506702,65.96566233911105,22.1944772383,41.8072917533
1.5546532198,-1.5904028789,90.19936126672079,11.8226711483,20.3604506702
-0.0491900647,-5.2522579456,94.19704757391801,1.5546532198,-1.5904028789
0.7633208384,-2.9558043886,91.77750201473512,1.5546532198,-1.5904028789
15.0408402266,26.3898847311,59.13874022035717,22.1944772383,41.8072917533
26.3890246281,49.5223122989,33.37919380891686,31.5327661038,61.2189023045
17.5859935148,30.7867756012,54.079766074740604,26.3890246281,49.5223122989
12.1839930852,19.1698895853,66.89123161728536,17.5859935148,30.7867756012
5.5497133483,4.5804606119,82.91824335988184,12.1839930852,19.1698895853
3.4386511427,0.6145088931,87.40423135705326,12.1839930852,19.1698895853
0.6594112456,-5.3897598362,94.02053072900449,3.4386511427,0.6145088931
0.4641000157,-5.8448738086,94.51560107702691,3.4386511427,0.6145088931
9.3521895343,12.652040394,73.99619519806883,17.5859935148,30.7867756012
2.4221855345,-2.4508216909,90.61309619051487,9.3521895343,12.652040394
0.4166328897,-6.3099767347,94.95811939738716,9.3521895343,12.652040394
12.6970533175,20.500095689,65.46912601588018,17.5859935148,30.7867756012
18.7010729065,31.7108347122,52.77902204256802,26.3890246281,49.5223122989
18.7818834334,28.805206539,55.44878982295806,26.3890246281,49.5223122989
24.0309031871,44.320140883,39.090625735476564,31.5327661038,61.2189023045
16.095274661,26.5430622538,58.55851531532089,24.0309031871,44.320140883
7.2314608877,6.8015144193,80.19866100590242,16.095274661,26.5430622538
-1.2987922269,-12.3807153484,101.19206847253297,7.2314608877,6.8015144193
52.7900417181,100.1001512608,23.824383472773818,40,80
29.9325814843,62.761074339,19.96330317146297,40,80
19.4879678279,44.5192423913,40.983635881474626,29.9325814843,62.761074339
13.4348381105,34.8038624833,52.43042521877096,19.4879678279,44.5192423913
11.9281871159,31.3161021893,56.19787906367714,19.4879678279,44.5192423913
-0.3241358148,11.6847505145,79.33895479013873,11.9281871159,31.3161021893
13.3927804067,33.671153428,53.42680042491879,19.4879678279,44.5192423913
1.8331390191,12.8589790568,77.23377232533377,13.3927804067,33.671153428
-6.9683050707,-3.2070993281,95.55273225038482,1.8331390191,12.8589790568
-4.4413124889,0.9298446285,90.71238464020863,1.8331390191,12.8589790568
-8.163779504,-4.8864687574,97.6013764574843,1.8331390191,12.8589790568
-8.5006512391,-6.2722038533,98.97749281287159,1.8331390191,12.8589790568
4.2414901801,17.4404450795,72.05962109988725,13.3927804067,33.671153428
0.5764227892,10.8915173216,79.56436451708892,4.2414901801,17.4404450795
-9.5931290135,-7.0116826344,100.15427351475856,0.5764227892,10.8915173216
-8.8117428792,-4.4481779848,97.54891084749477,0.5764227892,10.8915173216
-11.7771269534,-9.928727754,103.77371800393236,0.5764227892,10.8915173216
15.9513249428,37.4958938741,48.8471762603869,19.4879678279,44.5192423913
9.1151706085,25.1952151247,62.91564335810778,19.4879678279,44.5192423913
7.5023522746,23.7956143678,64.92363877721174,19.4879678279,44.5192423913
-4.8573478718,2.9489143449,89.1588835573599,7.5023522746,23.7956143678
-9.4079200984,-5.2707251028,98.55410469577326,-4.8573478718,2.9489143449
-10.2778611326,-5.8861743124,99.52424682127206,-4.8573478718,2.9489143449
11.2409240804,29.1709789658,58.407266982703774,19.4879678279,44.5192423913
10.6450926893,28.2834136922,59.47143116007367,19.4879678279,44.5192423913
20.0227960376,84.5350599379,20.485493569735535,40,80
-4.1516818776,90.4427735768,45.3713623090771,20.0227960376,84.5350599379
0.9952385431,89.2780554861,40.095285791397345,20.0227960376,84.5350599379
0.0701031146,89.54554573,41.05768165832665,20.0227960376,84.5350599379
1.0843454812,88.8788202262,39.91570620159882,20.0227960376,84.5350599379
59.4599105716,73.7613270919,20.435487738464435,40,80
74.0343438326,69.4817735113,35.625243619602536,59.4599105716,73.7613270919
75.746139064,68.5289195004,37.54160733673244,59.4599105716,73.7613270919
90.0114775203,64.1019435304,52.47807269878343,75.746139064,68.5289195004
92.0646171888,63.4305798221,54.637975248803826,75.746139064,68.5289195004
104.0345977701,59.3429978366,67.28664164510361,92.0646171888,63.4305798221
97.1128619647,61.3096070245,60.094995555356775,75.746139064,68.5289195004
83.6195488129,66.0491358483,45.79629739967823,75.746139064,68.5289195004
90.1469831394,63.6330605889,52.7519243802821,75.746139064,68.5289195004
42.5957400921,61.7816233912,18.402367045731,40,80
46.5764756495,38.7285976542,41.7965597270084,42.5957400921,61.7816233912
48.9929780964,23.3209941299,57.39251210055377,46.5764756495,38.7285976542
51.7006453853,0.9405757858,79.93612732536425,48.9929780964,23.3209941299
50.6139094172,12.1717932029,68.65892677681029,48.9929780964,23.3209941299
51.6583996102,3.9311136528,76.96473570346745,48.9929780964,23.3209941299
52.4884144845,-1.7574692386,82.71355297347074,51.6583996102,3.9311136528
53.5610527246,-9.4904395089,90.52047906729945,51.6583996102,3.9311136528
47.0681387752,36.1692531093,44.40270191972976,46.5764756495,38.7285976542
49.1717324158,20.5201555797,60.192551814383776,47.0681387752,36.1692531093
49.3091478251,22.1899963753,58.56044681066553,47.0681387752,36.1692531093
44.0986544944,47.2625834846,32.998985541467746,42.5957400921,61.7816233912
46.2806960734,24.176948478,56.18751393613825,44.0986544944,47.2625834846
45.641407515,32.0555837689,48.28404122458092,44.0986544944,47.2625834846
47.2580342199,15.0957413321,65.32075855463245,45.641407515,32.0555837689
49.7144511049,-8.1718871936,88.71769256579898,47.2580342199,15.0957413321
45.8911407261,33.020808106,47.35311988754837,44.0986544944,47.2625834846
48.4948124515,9.7520983646,70.7670465014927,45.8911407261,33.020808106
51.1184225868,-7.5836961856,88.3002465182835,48.4948124515,9.7520983646
50.5647277194,-6.0589172619,86.71297903482899,48.4948124515,9.7520983646
49.8590823925,-2.1750178997,82.77193445823956,48.4948124515,9.7520983646
50.4434042078,-6.0315878688,86.67056060835415,48.4948124515,9.7520983646
51.1724282071,-11.3897037517,92.07773449741214,48.4948124515,9.7520983646
50.837716317,-6.0684513062,86.76013846049878,48.4948124515,9.7520983646
50.8652716615,-7.0301998096,87.72228163113539,50.837716317,-6.0684513062
50.6421406564,-7.7803598552,88.43051472403019,48.4948124515,9.7520983646
46.0468094235,28.060950659,52.29919307395133,44.0986544944,47.2625834846
49.3758693166,5.9453680068,74.66393398052426,46.0468094235,28.060950659
45.2341989753,43.7141919269,36.661434519058176,42.5957400921,61.7816233912
43.830790315,48.1995797323,32.04044825260725,42.5957400921,61.7816233912
44.6118952232,35.4723451106,44.79162960938409,43.830790315,48.1995797323
45.1109079205,41.4260801822,38.912710985764875,42.5957400921,61.7816233912
48.6395157056,20.0336843118,60.59417020734347,45.1109079205,41.4260801822
51.1354356117,2.8242761169,77.9836309981891,48.6395157056,20.0336843118
46.8782761024,30.5527907637,49.928699959472894,45.1109079205,41.4260801822
45.9314272023,34.6178183294,45.770238335188814,45.1109079205,41.4260801822
47.6143129342,22.4145174147,58.08838712834745,45.1109079205,41.4260801822
46.7913563314,29.6169033679,50.84085266387623,45.1109079205,41.4260801822
60.2324652797,75.0444948335,20.83049885983229,40,80
79.8166994497,70.1233384962,41.02356716857486,60.2324652797,75.0444948335
88.3539041969,67.9982045066,49.82129752187437,79.8166994497,70.1233384962
111.1842161185,62.4761584464,73.30993594832475,88.3539041969,67.9982045066
33.6509490571,103.5244011473,24.366121915779477,40,80
55.07525587,91.8449286999,19.172002385032297,40,80
66.3353864822,100.6967708111,33.494908869591114,55.07525587,91.8449286999
65.1201899802,99.8524781041,32.01807371983981,55.07525587,91.8449286999
79.1683850274,111.2336985478,50.09800632127032,65.1201899802,99.8524781041
43.2309363785,90.6082187169,11.089330648307953,40,80
48.5733681161,108.1902776695,29.46514012390978,43.2309363785,90.6082187169
48.0421354523,108.6920353786,29.802215556352262,43.2309363785,90.6082187169
49.5994154992,78.9527682181,9.656369521269502,40,80
70.8631568856,76.6311905349,31.04647051885324,49.5994154992,78.9527682181
75.803374238,76.1032545711,36.01481670957179,70.8631568856,76.6311905349
92.0000649557,74.5456211924,52.2860204728008,70.8631568856,76.6311905349
85.6592546261,74.9571162614,45.936971954991094,70.8631568856,76.6311905349
106.3305308624,72.5569092048,66.7471294544425,85.6592546261,74.9571162614
100.2169313817,73.3637281719,60.58159001502588,85.6592546261,74.9571162614
87.4504916471,75.2017581855,47.69528282879226,70.8631568856,76.6311905349
109.5114088965,73.5449893018,69.81832405324582,87.4504916471,75.2017581855
104.3948617601,73.6334026426,64.71208093052905,87.4504916471,75.2017581855
112.3731342129,73.032461626,72.71295347272965,104.3948617601,73.6334026426
71.7443348639,76.98078323,31.888917248922233,49.5994154992,78.9527682181
82.7110750663,76.0995107807,42.89100940436393,71.7443348639,76.98078323
106.1537525614,73.9418456557,66.43277329178132,82.7110750663,76.0995107807
102.3644620778,74.6181980514,62.60014201911345,82.7110750663,76.0995107807
102.1902987365,74.4569012264,62.439367927307934,82.7110750663,76.0995107807
74.2540518879,76.7389376649,34.41020035969312,49.5994154992,78.9527682181
28.4409690089,71.4280365453,14.390613431050204,40,80
9.52144314,57.3068617395,37.99900255440924,28.4409690089,71.4280365453
38.2373733434,65.7966479614,14.312304561563792,40,80
35.7552578323,49.1492986098,31.143678178849463,38.2373733434,65.7966479614
32.9479097206,32.4889735752,48.03887375862258,35.7552578323,49.1492986098
29.7770390082,8.888826631,71.85108400594294,32.9479097206,32.4889735752
27.22782211,-3.5282208705,84.52710765094201,29.7770390082,8.888826631
27.4334651752,-2.8346620454,83.8065231470369,29.7770390082,8.888826631
26.8097686123,-7.5299495982,88.5358347222985,29.7770390082,8.888826631
35.6009505221,48.3065110737,32.000029504109555,38.2373733434,65.7966479614
32.0979965223,27.8298993773,52.774107420827306,35.6009505221,48.3065110737
28.7389593714,4.5428786526,76.3021431402352,32.0979965223,27.8298993773
26.9514921382,-4.6827628674,85.69935020219312,28.7389593714,4.5428786526
34.5765766954,46.5623421848,33.89188450613247,38.2373733434,65.7966479614
30.8873984956,27.065308921,53.73487676737179,34.5765766954,46.5623421848
31.1644296102,28.2629083869,52.50671797449215,34.5765766954,46.5623421848
33.5561723363,39.5816045795,40.94680637459564,34.5765766954,46.5623421848
30.5134081745,23.8768568757,56.943603372255694,33.5561723363,39.5816045795
31.6201242707,28.4433088963,52.25211100732028,33.5561723363,39.5816045795
35.8249857078,47.5516593872,32.716087384045814,38.2373733434,65.7966479614
34.6314197283,39.3544087354,40.9997772621047,35.8249857078,47.5516593872
32.4469109032,18.7949248025,61.67499088600985,34.6314197283,39.3544087354
29.6878689405,-4.3345752253,84.96846817232199,32.4469109032,18.7949248025
30.1807000891,0.5620881691,80.04812461856066,32.4469109032,18.7949248025
29.6896517365,-2.9939046523,83.63758561256051,32.4469109032,18.7949248025
28.9579910744,-8.160825183,88.85605235050508,29.6896517365,-2.9939046523
28.9679540145,-9.4450394779,90.12896359724213,29.6896517365,-2.9939046523
32.2213170216,22.1478568755,58.374299470334506,34.6314197283,39.3544087354
28.6309050218,-1.405315354,82.19955876379862,32.2213170216,22.1478568755
29.662377691,1.596038875,79.0848135543298,32.2213170216,22.1478568755
29.5210773158,-0.3974076812,81.08069170689143,32.2213170216,22.1478568755
30.5914309294,9.3701912951,71.25549764279059,32.2213170216,22.1478568755
28.5955890608,-7.5167358932,88.25995866416385,30.5914309294,9.3701912951
32.4680791976,24.1134596416,56.39346115380472,35.8249857078,47.5516593872
33.2540828906,28.2844233255,52.15408951267929,35.8249857078,47.5516593872
32.3410069281,23.3302230174,57.186806375396884,35.8249857078,47.5516593872
28.6112983644,-0.918790417,81.72097394863745,32.3410069281,23.3302230174
28.5136692771,-1.1925749228,82.00647865991021,32.3410069281,23.3302230174
29.8243710119,7.6602708492,73.05756115544385,32.3410069281,23.3302230174
37.3455627585,57.3993233894,22.756023825044302,40,80
29.8528726079,60.8524909642,21.67005529728867,40,80
20.4574845714,41.9360786579,42.79122881815028,29.8528726079,60.8524909642
21.5712828161,44.8828791865,39.65930847272929,29.8528726079,60.8524909642
15.1222195549,33.0972937211,53.09398158781502,21.5712828161,44.8828791865
13.2106598318,29.1109898406,57.51014907548297,21.5712828161,44.8828791865
16.2062475327,34.9782680152,50.92362940418218,21.5712828161,44.8828791865
10.9073672292,24.6951509657,62.49050349974033,21.5712828161,44.8828791865
2.9715367269,9.6811257154,79.47279898586001,10.9073672292,24.6951509657
-4.7051572296,-6.9785215846,97.81606691341754,2.9715367269,9.6811257154
18.4264276049,38.6658917741,46.62619340054354,29.8528726079,60.8524909642
17.1172471363,36.1167030985,49.49190734355513,18.4264276049,38.6658917741
8.6362059117,19.5225048725,68.12776782816056,18.4264276049,38.6658917741
0.211864222,3.3444423063,86.36781281990055,8.6362059117,19.5225048725
30.0300730539,96.6150302959,19.37675605059437,40,80
21.5208777925,110.5411702891,35.69679830258737,30.0300730539,96.6150302959
36.1846225487,69.5199726571,11.15294033893395,40,80
31.1843560829,55.4150859243,26.11791593109986,36.1846225487,69.5199726571
26.2336004209,41.3041533915,41.07212599282022,31.1843560829,55.4150859243
22.5327206789,30.9660866817,52.05266032230624,26.2336004209,41.3041533915
17.0067356564,15.4778160318,68.49720465145833,22.5327206789,30.9660866817
19.9674306108,26.0920941462,57.52422709181441,26.2336004209,41.3041533915
25.509380762,39.2468411781,43.25318712395388,26.2336004209,41.3041533915
19.0978651486,23.3372410863,60.404188884790486,26.2336004209,41.3041533915
12.7681757221,6.4296202367,78.45779270867492,19.0978651486,23.3372410863
21.1057371921,27.2543249816,56.02848449483909,26.2336004209,41.3041533915
15.5216393277,11.8857283344,72.38011780357996,21.1057371921,27.2543249816
8.0082611185,-8.2922365504,93.9115162487972,15.5216393277,11.8857283344
12.829674495,5.420295974,79.37838891586506,21.1057371921,27.2543249816
11.9691860739,3.2348893203,81.72709974627467,12.829674495,5.420295974
8.1274787519,-6.3435934226,92.04727643099967,11.9691860739,3.2348893203
18.9013681629,23.0229656326,60.768913948256284,26.2336004209,41.3041533915
19.2969849,22.1378707327,61.455036134451326,26.2336004209,41.3041533915
13.1359850851,4.9937971177,79.67253263742168,19.2969849,22.1378707327
12.7910866448,3.9949072842,80.72921146831766,19.2969849,22.1378707327
11.9504782408,1.9816074108,82.90838345358642,19.2969849,22.1378707327
29.5757650138,50.9375452469,30.875607662903,36.1846225487,69.5199726571
31.56340762,55.3388206711,26.06805680067408,36.1846225487,69.5199726571
30.4459767834,52.8865654917,28.748459346612464,36.1846225487,69.5199726571
25.9211866268,39.7862412629,42.60819314134851,30.4459767834,52.8865654917
22.2195709874,28.7844713884,54.215987880802956,25.9211866268,39.7862412629
17.4502628094,13.4754714784,70.25069332683837,22.2195709874,28.7844713884
16.3567048378,9.8112906611,74.07435605139828,22.2195709874,28.7844713884
15.9893514288,11.0880808491,72.97706124742535,22.2195709874,28.7844713884
14.8167980368,7.2578478794,76.98275295539136,15.9893514288,11.0880808491
12.892101503,2.6781173877,81.93922853692354,15.9893514288,11.0880808491
9.4591314344,-7.2226032956,92.41735257811867,15.9893514288,11.0880808491
18.464888219,16.995172033,66.58796008325717,25.9211866268,39.7862412629
27.9562346332,45.7377121185,36.318460702358415,30.4459767834,52.8865654917
31.0345458621,54.1588905521,27.354364144094163,36.1846225487,69.5199726571
17.9265750167,70.8458247126,23.896338959887085,40,80
-0.7858547971,62.222283254,44.500234145617966,17.9265750167,70.8458247126
-7.3756314603,58.7996474807,51.92583796669058,-0.7858547971,62.222283254
-1.9663467769,62.5668189925,45.44327083428012,17.9265750167,70.8458247126
38.1556443242,97.3394655153,17.43727938111716,40,80
60.18560969,74.6075634341,20.89347292037102,40,80
74.8444539218,70.9864824571,35.99294117770271,60.18560969,74.6075634341
68.8876504333,72.405379078,29.86983794393734,60.18560969,74.6075634341
91.9413331841,66.0727920128,53.77745069203229,68.8876504333,72.405379078
106.1855684653,62.1720432261,68.54613647794852,91.9413331841,66.0727920128
108.0365475328,61.8513550992,70.42469027889696,106.1855684653,62.1720432261
107.7239628672,61.702084779,70.15409508083981,91.9413331841,66.0727920128
88.7254347569,66.6637194226,50.521819506686185,68.8876504333,72.405379078
105.1910153197,61.8259156012,67.68339545659269,88.7254347569,66.6637194226
84.7323236284,67.630074489,46.418469385154616,68.8876504333,72.405379078
102.3212294604,63.1645534908,64.56538334186718,84.7323236284,67.630074489
50.1469256942,59.2815813241,23.069741512931998,40,80
58.4597002647,85.363142345,19.223002618615467,40,80
24.4687137306,72.5742849102,17.215170570660526,40,80
14.0531158888,67.3519080585,28.866689715530903,24.4687137306,72.5742849102
26.1104977118,90.2199906017,17.244317374507737,40,80
18.5595735048,95.7548097846,26.606511549339636,26.1104977118,90.2199906017
23.4478193043,69.8302268982,19.426759141071333,40,80
5.3083824314,58.6872386081,40.71537953082956,23.4478193043,69.8302268982
-2.4911196144,53.8306958907,49.90331941572048,5.3083824314,58.6872386081
-11.5421701047,48.9655509367,60.16923087065729,5.3083824314,58.6872386081
-10.5250247834,49.7352839215,58.90422987219584,5.3083824314,58.6872386081
32.2701763746,65.461436306,16.465722199900224,40,80
23.0491059424,47.346218085,36.79277981063285,32.2701763746,65.461436306
24.8415373407,51.8566067035,31.966563028998593,32.2701763746,65.461436306
16.4717695254,38.028512459,48.13038694899988,24.8415373407,51.8566067035
15.344882646,35.0466107998,51.27361906229322,24.8415373407,51.8566067035
3.310401612,13.4474780076,75.99913768441307,15.344882646,35.0466107998
-0.6910573008,6.7874136448,83.76883077664426,3.310401612,13.4474780076
-10.0386012991,-9.4469927147,102.50202400805915,-0.6910573008,6.7874136448
-2.2307260275,3.4865950883,87.39752722194132,3.310401612,13.4474780076
-6.7197970259,-5.0488685283,97.04004355587762,3.310401612,13.4474780076
-7.8882840528,-6.962298199,99.27937663126437,3.310401612,13.4474780076
15.051765428,34.6618086533,51.75294001140372,24.8415373407,51.8566067035
4.1501877407,15.8100138894,73.5298672944812,15.051765428,34.6618086533
14.1000174624,32.9277080064,53.73083317943065,24.8415373407,51.8566067035
14.8280473463,33.5802924923,52.80627615117136,24.8415373407,51.8566067035
16.8886338951,37.6664610777,48.233366836029866,24.8415373407,51.8566067035
12.5706372598,30.7574965611,56.37450103278249,24.8415373407,51.8566067035
9.750880746,25.8996959097,61.991373291064654,12.5706372598,30.7574965611
23.0713128502,48.5074700724,35.754476985800366,32.2701763746,65.461436306
12.2459907184,28.3727483054,58.614805502506826,23.0713128502,48.5074700724
9.170864249,22.5371199927,65.2110893507649,12.2459907184,28.3727483054
1.9963040658,9.8633557402,79.77263359541767,12.2459907184,28.3727483054
-7.6238789035,-7.6240449103,99.73151888177367,1.9963040658,9.8633557402
-9.2867771586,-11.170704142,103.64185220525874,1.9963040658,9.8633557402
2.8020088976,10.2146179411,79.08201075770751,12.2459907184,28.3727483054
-8.1299877976,-10.7409099292,102.71763429648439,2.8020088976,10.2146179411
-4.4270066464,-4.2923330315,95.29035096442867,2.8020088976,10.2146179411
-5.13843374,-4.9523281782,96.2017912430632,2.8020088976,10.2146179411
-5.3546435664,-5.1394581409,96.46817283420737,2.8020088976,10.2146179411
14.4694942742,32.6712626967,53.77604037138359,23.0713128502,48.5074700724
5.1633399003,15.4481098008,73.35259535193128,14.4694942742,32.6712626967
-4.8890685052,-3.3787551376,94.69508251157887,5.1633399003,15.4481098008
-6.6576325427,-6.8048038111,98.55067951696331,-4.8890685052,-3.3787551376
-7.4155988651,-8.3002457742,100.22720920441934,-4.8890685052,-3.3787551376
2.6482193043,11.747511241,77.8082253925982,14.4694942742,32.6712626967
-4.419762035,-1.1790507818,92.5409225639239,2.6482193043,11.747511241
1.1999072933,9.2327857442,80.71019920458598,2.6482193043,11.747511241
45.2461580379,61.1885321597,19.529298412008142,40,80
50.3526973816,42.0462164126,39.341037261246704,45.2461580379,61.1885321597
56.9012958971,20.3039731465,62.04806887613375,50.3526973816,42.0462164126
62.3085302645,-0.2897231458,83.33981634982605,56.9012958971,20.3039731465
63.7637268207,-4.8440769374,88.1210019220704,62.3085302645,-0.2897231458
64.1593084744,-6.015386345,89.35717449546719,62.3085302645,-0.2897231458
61.3040716556,1.5465159747,81.3153113859364,56.9012958971,20.3039731465
24.0627172283,90.4263775782,19.044850525754132,40,80
6.4879975366,101.941285353,40.05589222539332,24.0627172283,90.4263775782
-2.398328242,108.0412031752,50.8343792843921,6.4879975366,101.941285353
25.4724526057,68.5392564565,18.504007021818538,40,80
10.656878467,56.4059460501,37.65390149874375,25.4724526057,68.5392564565
3.2041320983,50.0068460802,47.4769310141705,10.656878467,56.4059460501
10.3253978834,56.397678728,37.91666208230828,25.4724526057,68.5392564565
-8.0501900683,42.0644178927,61.22126675055801,10.3253978834,56.397678728
6.144605325,53.5638776675,42.954521339110386,25.4724526057,68.5392564565
30.2805673855,98.0974889378,20.542309417434044,40,80
21.8156910944,112.3923336513,37.15545830639263,30.2805673855,98.0974889378
45.8503120217,89.203921419,10.905884660969711,40,80
63.5806249072,86.4963817036,24.459126032075012,40,80
79.358343463,90.8460056786,40.82542162851132,63.5806249072,86.4963817036
99.510988082,96.5471232276,61.76896064290011,79.358343463,90.8460056786
92.1735556446,94.4912182578,54.1489811381539,79.358343463,90.8460056786
112.0241115091,100.1940509502,74.802476456069,92.1735556446,94.4912182578
82.7285058275,91.5621573271,44.26577709694804,63.5806249072,86.4963817036
84.9723043074,91.7535816646,46.48733746629907,63.5806249072,86.4963817036
66.8256614055,87.4109409075,27.830576819605117,63.5806249072,86.4963817036
78.0830078541,90.4604657667,39.49352238170806,63.5806249072,86.4963817036
96.8229775046,96.1358036129,59.07402089860419,78.0830078541,90.4604657667
93.0040326635,94.4646981967,54.942498358004805,78.0830078541,90.4604657667
104.1370182105,97.4646208402,66.47258522050046,93.0040326635,94.4646981967
105.6194896174,97.9119336303,68.02046403659456,93.0040326635,94.4646981967
108.6195084049,98.2934553896,71.02051018386298,93.0040326635,94.4646981967
54.3633719261,86.6408147887,15.824249560257014,40,80
73.7762735828,96.7172958451,37.69652016055578,54.3633719261,86.6408147887
78.1389719174,98.9929845979,42.61707867136957,73.7762735828,96.7172958451
70.8589093567,94.6342123785,34.1544748767376,54.3633719261,86.6408147887
88.8912879646,103.845814702,54.40343276658863,70.8589093567,94.6342123785
106.4063591717,112.4432346773,73.91479739394033,88.8912879646,103.845814702
78.1729351424,98.3514750505,42.35892580087196,70.8589093567,94.6342123785
94.6675568457,105.4742187047,60.32572914199032,78.1729351424,98.3514750505
91.7211473659,103.6482087461,56.88078353581409,70.8589093567,94.6342123785
110.4481914652,112.4041881251,77.5536971084724,91.7211473659,103.6482087461
87.182020421,102.9920399246,52.49288364379864,70.8589093567,94.6342123785
86.8754666462,102.3333545553,51.92543145387256,70.8589093567,94.6342123785
100.9961908083,109.3530101763,67.69471856203162,86.8754666462,102.3333545553
31.2849064425,70.4828570017,12.904606408801035,40,80
14.7847558759,53.3781135009,36.67070030217422,31.2849064425,70.4828570017
7.7710803173,46.539519044,46.46651670445772,14.7847558759,53.3781135009
1.6812362649,39.1751912122,55.99491381100073,14.7847558759,53.3781135009
-10.1580399228,26.2863267612,73.49609341367014,1.6812362649,39.1751912122
16.4939831111,54.3805084969,34.7691219617555,31.2849064425,70.4828570017
1.9359512861,38.3548963865,56.41990795512562,16.4939831111,54.3805084969
-11.3186608518,23.5097436997,76.32124713671266,1.9359512861,38.3548963865
-5.1766437232,30.4869048398,67.02624090979293,1.9359512861,38.3548963865
-6.255422647,29.5123026806,68.48006804365458,-5.1766437232,30.4869048398
-7.0478236732,28.7555355067,69.56737698227988,1.9359512861,38.3548963865
-3.8244116138,31.7642231199,65.1731219274686,1.9359512861,38.3548963865
54.5547052672,66.5863641923,19.793056130791708,40,80
68.3160697392,53.9332571039,38.48734058143978,54.5547052672,66.5863641923
72.0480516456,50.3828487189,43.63778471409484,54.5547052672,66.5863641923
65.7586138109,55.9864432467,35.21660600455824,54.5547052672,66.5863641923
74.9864980764,47.410657444,47.81414346833476,65.7586138109,55.9864432467
92.3983204306,30.926042594,71.791509554856,74.9864980764,47.410657444
41.5946774885,71.6174580222,8.532877961268863,40,80
50.8406260032,85.9826618534,12.38189868289123,40,80
66.6057663066,94.758053145,30.424823642735635,50.8406260032,85.9826618534
73.2467971589,98.4486046098,38.022419373987574,66.6057663066,94.758053145
67.4184535611,95.1738992346,31.337193751473958,50.8406260032,85.9826618534
84.4724544522,104.1902364395,50.6279501644844,67.4184535611,95.1738992346
82.5125843566,103.0584226206,48.36653588486368,67.4184535611,95.1738992346
91.6009499571,107.7988118415,58.61688608639224,82.5125843566,103.0584226206
88.9318345476,106.8942382583,55.83600817790622,67.4184535611,95.1738992346
76.2045290923,99.6140927234,41.181503857211865,67.4184535611,95.1738992346
86.9557253119,105.7618930849,53.559043387330064,67.4184535611,95.1738992346
93.7233384477,109.3665110527,61.226758708704445,86.9557253119,105.7618930849
80.469699581,101.8601542721,46.00147106399263,67.4184535611,95.1738992346
94.051807584,108.9102291634,61.304320922045065,80.469699581,101.8601542721
35.5275365975,77.5884193699,5.081205567793473,40,80
46.4437185838,56.8084107281,24.070133405191516,40,80
37.588557294,55.8785861032,24.241651435186032,40,80
35.6476132689,34.2691214985,45.93810792490696,37.588557294,55.8785861032
35.1557398335,28.830440868,51.39898573685515,35.6476132689,34.2691214985
33.2783651986,5.2868077246,75.01735141085489,35.1557398335,28.830440868
33.1452625887,6.7660737363,73.55475960450198,35.1557398335,28.830440868
32.5682159673,0.8577643393,79.4911813157644,33.1452625887,6.7660737363
31.5434190671,-11.2209645128,91.61298342752174,33.1452625887,6.7660737363
32.4710128029,-0.9702276343,81.3203871818713,33.1452625887,6.7660737363
31.8734807457,-7.6011904825,87.97821812397176,32.4710128029,-0.9702276343
33.8801486419,8.8605873443,71.40953751950525,35.1557398335,28.830440868
33.480511952,6.8408092545,73.45233666029519,35.1557398335,28.830440868
36.1747829187,41.0551094069,39.132394175224356,37.588557294,55.8785861032
34.1182687304,19.7122156238,60.57413770608882,36.1747829187,41.0551094069
27.8686450394,89.5383368857,15.432097839411838,40,80
13.5374355033,100.3713497665,33.397000701469906,27.8686450394,89.5383368857
-2.5952805107,111.9084255651,53.23052393792525,13.5374355033,100.3713497665
4.8503676383,106.9369470442,44.2860877019515,13.5374355033,100.3713497665
0.1347200826,110.6478931304,50.286792054297365,4.8503676383,106.9369470442
10.87847251,103.4113834415,37.36671393630701,27.8686450394,89.5383368857
9.6933941219,103.4856169144,38.34205999811167,27.8686450394,89.5383368857
15.2766740816,99.5573966002,31.523688505495638,27.8686450394,89.5383368857
0.0116971906,111.4123204862,50.85135623405559,15.2766740816,99.5573966002
7.6947462024,105.4281081826,41.11279090609163,15.2766740816,99.5573966002
29.3453797609,61.7847942083,21.102479818102438,40,80
43.7431226358,85.6338153932,6.763936941700119,40,80
27.0522314937,98.8031352239,22.829862100788148,40,80
18.1884235427,111.6670478066,38.45187664205516,27.0522314937,98.8031352239
18.137497029,69.8302666512,24.11208229379368,40,80
-4.4939653067,60.4107141299,48.62556954374931,18.137497029,69.8302666512
19.8583941398,70.727666562,22.173417734149506,40,80
54.442818559,100.2200943963,24.84848537282459,40,80
59.4451178854,107.3283438766,33.540447707366035,54.442818559,100.2200943963
42.1559693484,94.1584562364,14.321664946132985,40,80
50.3034200993,68.596425028,15.368864235352072,40,80
63.5611425668,54.0635654196,35.04044814267175,50.3034200993,68.596425028
80.1771949278,36.0727939941,59.53046759035862,63.5611425668,54.0635654196
82.7790154957,33.2260390158,63.3870832276789,80.1771949278,36.0727939941
98.1520065699,16.9006109009,85.8113659966372,82.7790154957,33.2260390158
106.5566469962,7.7472201598,98.23805271332286,98.1520065699,16.9006109009
94.2337215573,20.6520573476,80.39635026055858,80.1771949278,36.0727939941
105.5045867073,8.5673245683,96.92127590567337,94.2337215573,20.6520573476
76.4532338474,39.4098360045,54.55807615834746,63.5611425668,54.0635654196
90.4295685848,23.6702862702,75.60733644298352,76.4532338474,39.4098360045
86.1538110934,28.9878915772,68.79598768185899,76.4532338474,39.4098360045
99.9749326986,13.7880281547,89.34006834973945,86.1538110934,28.9878915772
111.9927161177,0.3825006054,107.34382593485029,99.9749326986,13.7880281547
89.3780473805,25.1777945964,73.78310691273842,76.4532338474,39.4098360045
103.4957598639,10.2179919188,94.35263539339826,89.3780473805,25.1777945964
69.0002563978,48.2678059235,42.988705020957006,63.5611425668,54.0635654196
39.5645430546,98.7357663965,18.74082616149874,40,80
44.7840289589,73.3828718851,8.165373082021043,40,80
57.7305383575,54.9006983983,30.730896395345972,44.7840289589,73.3828718851
68.7385884449,36.8595480128,51.86523513491703,57.7305383575,54.9006983983
71.1786120859,35.3575593467,54.45398580196954,57.7305383575,54.9006983983
85.6572252118,15.5743582714,78.96939489166729,71.1786120859,35.3575593467
90.5257708218,8.560571542,87.50730685198627,85.6572252118,15.5743582714
99.9803660386,-4.6284679279,103.73506494890519,90.5257708218,8.560571542
100.8794546806,-6.2689399196,105.5935773254062,90.5257708218,8.560571542
75.4539777402,29.168105615,61.97649130046026,71.1786120859,35.3575593467
82.4509143765,17.2992232938,75.74173579886056,71.1786120859,35.3575593467
82.4244307913,17.5654944908,75.50216886348998,71.1786120859,35.3575593467
79.7445568674,21.8479984508,70.45034931370986,71.1786120859,35.3575593467
80.8430213356,19.877038162,72.70357051767286,71.1786120859,35.3575593467
93.113120358,1.0331193443,95.19020224471393,80.8430213356,19.877038162
81.4965087423,19.99644789,72.95865376973676,71.1786120859,35.3575593467
83.487023389,18.8068270823,75.07978826621638,71.1786120859,35.3575593467
83.9139510738,16.869146749,76.90415861911102,71.1786120859,35.3575593467
97.262003082,-4.0127031834,101.68766420272219,83.9139510738,16.869146749
90.0257332258,7.7135386754,87.91229380500309,83.9139510738,16.869146749
98.1094386501,-4.5471892346,102.59806046084746,90.0257332258,7.7135386754
94.0824148559,3.0430175347,94.06689455305812,83.9139510738,16.869146749
97.9001535678,-2.2332562269,100.57937054333347,83.9139510738,16.869146749
57.485896065,55.3827710645,30.19583057914965,44.7840289589,73.3828718851
62.6606241184,90.1144076645,24.81542116989168,40,80
54.1747029307,92.1406472124,18.663266539101645,40,80
59.6715577977,97.2701759299,26.18174233493412,54.1747029307,92.1406472124
70.1437165804,105.8314996907,39.69773440798005,54.1747029307,92.1406472124
72.4335813349,108.2330423758,43.001545497860846,54.1747029307,92.1406472124
63.2754364947,100.268018286,30.864803818104903,54.1747029307,92.1406472124
33.5242161777,89.1529201851,11.212123974875299,40,80
23.4257389394,102.2146472823,27.722361928768997,33.5242161777,89.1529201851
25.0245140862,100.997540144,25.790874182455564,33.5242161777,89.1529201851
27.256984341,70.3755198908,15.969191133489058,40,80
7.3189910665,55.3764489928,40.91905493306195,27.256984341,70.3755198908
47.4546184141,85.5485299735,9.292874720271797,40,80
63.1315199922,96.9618343313,28.684335713534033,47.4546184141,85.5485299735
60.3493295498,95.1653498311,25.37879401158603,47.4546184141,85.5485299735
68.9000896626,101.8116933876,36.20881622659928,60.3493295498,95.1653498311
74.5597864412,106.0912592405,43.303988054740856,60.3493295498,95.1653498311
66.9678636583,100.7893629971,34.05271581858159,47.4546184141,85.5485299735
82.2595411539,112.404452725,53.25546848627503,66.9678636583,100.7893629971
61.144429524,79.0569388075,21.165449778074702,40,80
74.2147697124,78.3921340737,34.25268623099275,61.144429524,79.0569388075
81.4949497073,78.6117357342,41.52083917516991,61.144429524,79.0569388075
81.2266677677,78.1710311906,41.26721898335631,61.144429524,79.0569388075
97.7723461481,77.8517470242,57.815977711628044,81.2266677677,78.1710311906
89.611530301,78.0664540474,49.65273364145679,81.2266677677,78.1710311906
99.2347075607,77.3188765655,59.29540981580955,81.2266677677,78.1710311906
84.3534949433,78.6772113165,44.37762138274729,61.144429524,79.0569388075
108.0363967981,78.6934135439,68.06052877977652,84.3534949433,78.6772113165
78.036042756,78.7282830014,38.06025999359238,61.144429524,79.0569388075
28.5142628416,64.2300062111,19.509353197217862,40,80
18.2168395731,48.8785602802,37.99458563124453,28.5142628416,64.2300062111
9.7326525006,36.5639970498,52.94884582146109,18.2168395731,48.8785602802
15.5366738187,43.6193684469,43.86538337239958,28.5142628416,64.2300062111
17.6046728021,46.9422970898,39.95156544278065,28.5142628416,64.2300062111
15.0967806829,44.6594922647,43.23768739086218,28.5142628416,64.2300062111
6.435471811,31.7680902782,58.76851211307155,15.0967806829,44.6594922647
5.2837057655,30.1222518779,60.77700885430865,15.0967806829,44.6594922647
-8.6425282976,10.9744215588,84.45356690461004,5.2837057655,30.1222518779
-7.025455937,12.0954110226,82.60548688280632,5.2837057655,30.1222518779
-4.911087367,15.3690857836,78.70993156145464,5.2837057655,30.1222518779
15.7960434302,44.7544115619,42.76987537399755,28.5142628416,64.2300062111
14.895657425,44.5442852019,43.44664680249215,28.5142628416,64.2300062111
1.3102044856,25.301209455,67.00212378279512,14.895657425,44.5442852019
-11.6493394802,6.301973306,90.00040098016301,1.3102044856,25.301209455
-10.922190568,7.5123717953,88.59087627177648,1.3102044856,25.301209455
6.2951529316,32.7142089771,58.07262988143668,14.895657425,44.5442852019
-8.0121470673,12.9747658387,82.45181052133208,6.2951529316,32.7142089771
-7.3918930205,13.7708173534,81.44328055923691,6.2951529316,32.7142089771
39.4962974835,73.8104163071,6.210045291021801,40,80
22.804869096,95.7236342644,23.300326205577246,40,80
17.0504198737,100.8173167475,30.985330245307402,22.804869096,95.7236342644
10.2111959974,106.3458749513,39.775537868097246,22.804869096,95.7236342644
5.3550118426,111.2581433466,46.66308483098342,22.804869096,95.7236342644
8.3121521877,110.1086554561,43.720112641036906,22.804869096,95.7236342644
8.8460146466,109.5427289131,42.94255098917198,22.804869096,95.7236342644
46.0856684017,100.3899470588,21.278752335513392,40,80
49.2003846254,60.8569921778,21.23915783961565,40,80
52.0722457542,54.6817852854,28.049500452660673,49.2003846254,60.8569921778
59.7850102417,38.6035583201,45.881593147357925,49.2003846254,60.8569921778
69.8017324685,17.5377914918,69.20757128833144,59.7850102417,38.6035583201
73.4023568491,10.3122123315,77.28058126800647,69.8017324685,17.5377914918
84.2630356633,-11.6635840286,101.79363840019211,73.4023568491,10.3122123315
80.7253758218,-4.6499204224,93.93853455500643,69.8017324685,17.5377914918
65.8043506904,25.7240778419,60.09825509120715,59.7850102417,38.6035583201
76.1954600119,5.7679514398,82.5976358361956,65.8043506904,25.7240778419
76.0408944854,6.1273797105,82.20747051193544,65.8043506904,25.7240778419
74.8698979342,8.2544145636,79.78005586976279,65.8043506904,25.7240778419
74.3899014008,9.1178585894,78.79259110142564,65.8043506904,25.7240778419
71.8285042768,14.0161347473,73.26512100299223,65.8043506904,25.7240778419
69.3421974781,18.1832850575,68.42771006337838,59.7850102417,38.6035583201
72.0432972463,12.5763990764,74.6513031062135,69.3421974781,18.1832850575
79.9329240185,-3.4653769691,92.52808467033182,69.3421974781,18.1832850575
75.8191435242,5.1904104896,82.94547916270191,69.3421974781,18.1832850575
67.9439045908,20.9235526921,65.353371597358,59.7850102417,38.6035583201
71.7702375016,12.7939079846,74.33846740176955,67.9439045908,20.9235526921
48.0232686955,90.4944405016,13.210076532776508,40,80
18.3674035842,88.0730947589,23.089913093709587,40,80
10.1198487517,91.3714155562,31.972541128080714,18.3674035842,88.0730947589
13.6171389785,89.6718126945,28.101989795215196,18.3674035842,88.0730947589
-5.847878953,96.0163627449,48.57490454655549,13.6171389785,89.6718126945
-3.4315805667,96.3818327205,46.418668665443846,18.3674035842,88.0730947589
6.4609263683,92.2365907402,35.70335427679072,18.3674035842,88.0730947589
7.4741466375,92.2974918539,34.773601626149684,18.3674035842,88.0730947589
-9.5248872632,98.3756881182,52.826624181514156,7.4741466375,92.2974918539
-11.3619991757,99.6523450606,54.994735491198824,7.4741466375,92.2974918539
52.5509695597,94.6834678406,19.316600754647556,40,80
66.7406084644,111.2039629526,41.09440163057145,52.5509695597,94.6834678406
56.415118328,98.9908995956,25.103276313855687,52.5509695597,94.6834678406
64.9426157872,108.8183320292,38.114134684865135,52.5509695597,94.6834678406
58.6024786295,101.8185264489,28.67233821172423,52.5509695597,94.6834678406
27.9182260022,60.5069440023,22.933566993893123,40,80
46.4227423579,89.9997513076,11.88472320291098,40,80
52.0692165803,84.8170334486,12.994991346942854,40,80
34.96617003,63.431568887,17.316245369972577,40,80
31.8413679716,52.5049589581,28.680891974355703,34.96617003,63.431568887
25.9238121032,33.0451292003,49.02056851205397,31.8413679716,52.5049589581
25.2652998137,30.8618386977,51.30100088265858,31.8413679716,52.5049589581
24.7800516997,28.8093251594,53.40628880866139,31.8413679716,52.5049589581
25.9704436776,33.4610349281,48.60923346396017,31.8413679716,52.5049589581
23.7311759583,26.3120264131,56.10073816370117,25.9704436776,33.4610349281
27.9971293478,41.1762040846,40.637239999663294,34.96617003,63.431568887
20.8342130814,17.337960719,65.52838734559796,27.9971293478,41.1762040846
16.139814333,1.5686899279,81.9815718669002,20.8342130814,17.337960719
15.7862689405,1.0166215873,82.61252768398222,20.8342130814,17.337960719
13.8367294095,-5.3586140563,89.27916173864232,20.8342130814,17.337960719
21.8946339378,22.330999006,60.44587964713941,27.9971293478,41.1762040846
22.9706443983,25.1699964301,57.41413585159384,27.9971293478,41.1762040846
20.0532437087,15.8090388975,67.21917296069338,22.9706443983,25.1699964301
22.7285308874,24.1602579354,58.45017218640345,27.9971293478,41.1762040846
17.1908065961,6.286942212,77.16171421999309,22.7285308874,24.1602579354
16.7166337884,4.9666129709,78.56332494155949,22.7285308874,24.1602579354
18.3667260019,9.5720907347,73.67646405720217,22.7285308874,24.1602579354
41.0292232437,58.6761141527,21.348709752911383,40,80
42.0169062854,35.8364885581,44.20968119098394,41.0292232437,58.6761141527
42.6794137093,23.7614032417,56.302927301316004,42.0169062854,35.8364885581
44.0014213078,1.2403999911,78.86269883172002,42.6794137093,23.7614032417
44.4752002691,-6.2451871936,86.36326427733246,44.0014213078,1.2403999911
44.3412800341,-11.12608898,91.23385695964727,44.0014213078,1.2403999911
41.5416492084,50.5893561022,29.451686745142403,41.0292232437,58.6761141527
42.0656158354,39.5502991917,40.5025842311088,41.0292232437,58.6761141527
42.4753212089,28.3932560388,51.667147384620336,42.0656158354,39.5502991917
42.4544930412,32.0906783953,47.97233442152843,42.0656158354,39.5502991917
42.4324954564,33.0938080939,46.96949059754675,42.0656158354,39.5502991917
60.7461618368,67.7389517169,24.098475801577287,40,80
72.3596327876,60.8848469823,37.58370695413607,60.7461618368,67.7389517169
88.8929339229,50.8429985491,56.92766638300878,72.3596327876,60.8848469823
101.2655130803,43.3433851242,71.3957317868238,88.8929339229,50.8429985491
105.0204810205,41.2498635071,75.69268744133308,88.8929339229,50.8429985491
107.1904944564,39.9706731432,78.21167261379463,105.0204810205,41.2498635071
111.9498527669,37.0874733529,83.77610779385635,105.0204810205,41.2498635071
44.7012265531,72.3259351376,8.999600136444666,40,80
54.9924270889,54.0282171372,29.99282029177606,44.7012265531,72.3259351376
61.2773738535,42.0496308723,43.52009218005816,54.9924270889,54.0282171372
69.2915117399,28.7388519235,59.05724900767785,61.2773738535,42.0496308723
70.5742097089,29.319394289,59.283660316398375,61.2773738535,42.0496308723
67.2295956726,33.1030164248,54.26582876048789,61.2773738535,42.0496308723
67.3841794159,31.8402400419,55.41650909040621,61.2773738535,42.0496308723
65.4051165315,35.3764348233,51.3667351007072,61.2773738535,42.0496308723
75.8668602758,19.0094526194,70.79162090820114,65.4051165315,35.3764348233
86.1787929211,4.0202031944,88.98539877883776,75.8668602758,19.0094526194
87.516494011,1.5453645386,91.7846754419809,75.8668602758,19.0094526194
93.5987733502,-8.8064367807,103.79108675070759,87.516494011,1.5453645386
67.6839978965,31.7294466145,55.66715086697034,61.2773738535,42.0496308723
67.722700201,31.8752368195,55.56419970479529,61.2773738535,42.0496308723
75.5028353055,19.3968587045,70.26931523052933,67.722700201,31.8752368195
87.1754982017,0.272219189,92.67473635324309,75.5028353055,19.3968587045
87.6335712749,-2.2539396762,95.0868861366639,75.5028353055,19.3968587045
72.4265101591,23.0819157055,65.52185254166793,61.2773738535,42.0496308723
70.8199964253,28.16003146,60.371875984213474,61.2773738535,42.0496308723
74.0387738236,21.0357109915,68.10541621602623,61.2773738535,42.0496308723
84.8566302848,1.1088979375,90.77927554575199,74.0387738236,21.0357109915
85.8885983821,-0.6831579696,92.84662902010402,74.0387738236,21.0357109915
70.187871457,26.8881043088,61.10613366976514,61.2773738535,42.0496308723
20.2611090655,69.869385011,22.186779292620137,40,80
6.2857889034,62.7355319271,37.877586584020676,20.2611090655,69.869385011
13.2250114749,66.4467728946,30.011160610256393,20.2611090655,69.869385011
-5.3867336339,57.4157041343,50.69828846668459,13.2250114749,66.4467728946
16.5745709289,68.0351884042,26.30440489786922,20.2611090655,69.869385011
-4.2684596687,57.5254072464,49.64722873041651,16.5745709289,68.0351884042
-4.3691526578,57.4037517936,49.79199741139218,16.5745709289,68.0351884042
0.1108577921,59.8172097953,44.70519071412791,20.2611090655,69.869385011
-6.8572270367,56.3418469516,52.49186863713996,0.1108577921,59.8172097953
39.0866230925,60.0418872722,19.979002002871084,40,80
38.3432078529,41.4279957665,38.60773312456695,39.0866230925,60.0418872722
37.9877107527,31.6315724981,48.410604491768474,38.3432078529,41.4279957665
37.5444914419,20.6586545654,59.39247005802065,37.9877107527,31.6315724981
36.4764137765,2.4368942472,77.6455064901668,37.5444914419,20.6586545654
36.2183110281,0.065785657,80.02799778009488,37.5444914419,20.6586545654
35.6070073706,-7.4471565812,87.56576888541524,36.2183110281,0.065785657
39.2215199737,49.2702210971,30.75151282237602,39.0866230925,60.0418872722
38.9047955309,34.3103007876,45.714785527210935,39.2215199737,49.2702210971
38.562057316,43.2539074547,36.7751752458054,39.0866230925,60.0418872722
38.0603853936,26.4528273821,53.58374348714116,38.562057316,43.2539074547
38.6557772443,31.0697265633,48.95971657567569,38.562057316,43.2539074547
38.4027892407,22.9788497428,57.05085850286693,38.562057316,43.2539074547
38.4844225097,11.2029212243,68.82706996765599,38.4027892407,22.9788497428
38.0847303556,7.5276870581,72.50529442798101,38.4027892407,22.9788497428
38.367544074,0.8971858604,79.13255051315147,38.4027892407,22.9788497428
38.4303727004,11.0406436117,68.98909649998706,38.4027892407,22.9788497428
38.4514213961,-2.4294863456,82.45924290283442,38.4303727004,11.0406436117
38.4523197806,-5.5105208676,85.54027553035137,38.4303727004,11.0406436117
38.061720292,-10.047681807,90.08064394352964,38.4303727004,11.0406436117
38.5656067925,44.162455439,35.86697900845966,39.0866230925,60.0418872722
37.9411599933,27.2706449674,52.770327635683984,38.5656067925,44.162455439
37.6346910089,16.2846365476,63.76060989949848,37.9411599933,27.2706449674
36.6037714207,-4.3563566526,84.42733183327495,37.6346910089,16.2846365476
38.049752233,24.4808679825,55.55532558033854,38.5656067925,44.162455439
37.7923461556,38.7676199788,41.292603333017524,39.0866230925,60.0418872722
36.9750065145,24.9671933486,55.11721252331462,37.7923461556,38.7676199788
36.7914483145,22.0515407684,58.03862078961555,37.7923461556,38.7676199788
36.7698705334,18.7724432718,61.31390568681431,37.7923461556,38.7676199788
40.510816826,99.8529766955,19.859547263263355,40,80
40.6102279216,86.3287263573,6.358077966011739,40,80
43.1307112029,108.1998380467,28.373944119800054,40.6102279216,86.3287263573
43.1529351908,107.765868174,27.945491185898703,40.6102279216,86.3287263573
55.6441323184,62.2584398443,23.653791086291623,40,80
72.2989424918,43.8270588298,48.495258595552414,55.6441323184,62.2584398443
75.9827299878,39.8201215436,53.938220723955084,72.2989424918,43.8270588298
87.4707847847,26.2179349456,71.73888229173481,72.2989424918,43.8270588298
95.8209153706,17.0104848141,84.16875834605015,87.4707847847,26.2179349456
110.4718444444,0.4883414787,106.25112559055138,95.8209153706,17.0104848141
111.6604226485,-0.2814449295,107.61872263310708,95.8209153706,17.0104848141
41.5168700936,70.9469764563,9.17922274289302,40,80
44.3104885146,55.3713937285,25.003352456488404,41.5168700936,70.9469764563
46.9096668523,33.9254622418,46.60621581677932,44.3104885146,55.3713937285
48.0298689816,32.3188442362,48.35402330666404,44.3104885146,55.3713937285
48.8971739124,25.6898772107,55.039486766152564,48.0298689816,32.3188442362
52.2438639935,7.4225759878,73.61082566422604,48.8971739124,25.6898772107
54.0844887545,-3.1979908243,84.38970960093704,52.2438639935,7.4225759878
50.2539498764,17.7541280827,63.08757319997346,48.0298689816,32.3188442362
52.4722155557,4.5963265017,76.43105269630149,50.2539498764,17.7541280827
54.337759655,-6.1367792598,87.32500202309143,50.2539498764,17.7541280827
50.8716697801,13.6339427933,67.25379509653604,48.0298689816,32.3188442362
41.9654730205,76.1909250788,4.286272967232503,40,80
53.3863478954,54.6022945635,28.70973198585361,41.9654730205,76.1909250788
64.5716597237,34.5126365746,51.70333019942778,53.3863478954,54.6022945635
71.6425969058,18.8210429138,68.91449704682262,64.5716597237,34.5126365746
74.5046790328,15.2569521263,73.37003867504669,64.5716597237,34.5126365746
79.8704668763,3.2942089412,86.48106089660168,74.5046790328,15.2569521263
84.1311666105,-4.94481195,95.75656775448508,79.8704668763,3.2942089412
88.1649861126,-11.9186400726,103.80820216335502,79.8704668763,3.2942089412
67.9779968874,27.3173284284,59.66420905741676,64.5716597237,34.5126365746
80.1322988197,5.5854405402,84.56404854779913,67.9779968874,27.3173284284
84.9099613017,-3.9959842109,95.2705773528275,80.1322988197,5.5854405402
84.1689603471,-1.6969884976,92.89041684240297,80.1322988197,5.5854405402
61.8431209942,40.1387220866,45.46419228868422,53.3863478954,54.6022945635
71.1518899867,23.6072013257,64.4363919192963,61.8431209942,40.1387220866
76.8949237354,13.9302768695,75.68918284287206,71.1518899867,23.6072013257
89.1992515282,-7.0735695901,100.03169808947551,76.8949237354,13.9302768695
66.6277390503,31.533466495,55.310155610752865,61.8431209942,40.1387220866
77.0556342591,12.5256725542,76.9904976048642,66.6277390503,31.533466495
89.8472783352,-8.5414260838,101.63697409122723,77.0556342591,12.5256725542
84.1650971491,-0.6829884957,91.99093724226925,77.0556342591,12.5256725542
77.4984302478,9.359168892,80.00573013935647,66.6277390503,31.533466495
77.2561117817,11.4794053566,78.00657988992629,66.6277390503,31.533466495
79.7645030157,6.9969202938,83.14318372135354,77.2561117817,11.4794053566
80.8447471479,4.9012341182,85.49995300443582,77.2561117817,11.4794053566
81.8038490048,3.2640329888,87.39669474502689,77.2561117817,11.4794053566
73.3467789481,19.5501432568,69.04858807384724,61.8431209942,40.1387220866
78.8982888013,8.9605092427,81.00515991542292,73.3467789481,19.5501432568
81.5158695132,4.6665285541,86.02669242266174,73.3467789481,19.5501432568
88.0803194437,-7.4535576269,99.81032372667262,81.5158695132,4.6665285541
86.3561398212,-3.5497419376,95.5626935472048,81.5158695132,4.6665285541
90.9085284091,-11.0911343786,104.3713369336714,81.5158695132,4.6665285541
23.4026653606,64.38632753,22.78723952418684,40,80
14.6776285435,56.6784393881,34.429310090361625,23.4026653606,64.38632753
-3.9983478871,40.1150573886,59.39203668217621,14.6776285435,56.6784393881
3.7582503329,46.960850944,49.046571997949926,14.6776285435,56.6784393881
-11.9455322167,32.3957615882,70.46503632916564,3.7582503329,46.960850944
-11.875687132,32.2318395175,70.52595230228765,3.7582503329,46.960850944
11.3363940948,52.9414857294,39.417913175624776,23.4026653606,64.38632753
-6.4022909433,35.6614582696,64.18200605003378,11.3363940948,52.9414857294
-10.3319753619,31.7317170175,69.73945923816268,-6.4022909433,35.6614582696
-4.3912638632,37.6430223177,61.35879300308302,11.3363940948,52.9414857294
-12.0007486876,30.078435811,72.08852870859421,-4.3912638632,37.6430223177
10.7365608568,53.4878907872,39.49670171595099,23.4026653606,64.38632753
8.6311513117,50.6033889535,42.9903834156811,23.4026653606,64.38632753
-9.1345682525,33.4936550587,67.65541505127132,8.6311513117,50.6033889535
58.4715468684,66.3830030914,22.948216674075564,40,80
41.6209381898,77.1766640042,3.25555936212689,40,80
16.4619763026,85.0426954103,24.072127795033506,40,80
-0.8732561132,88.7252967369,41.79419978000409,16.4619763026,85.0426954103
14.6134666148,85.4329832739,25.96139026551343,16.4619763026,85.0426954103
-0.7748214127,88.7250738211,41.69787901983233,16.4619763026,85.0426954103
-11.7495298327,91.120947148,52.931063515004205,-0.7748214127,88.7250738211
56.5294809766,70.8650421698,18.885740544530243,40,80
67.5892070265,64.6241839941,31.584789763587494,56.5294809766,70.8650421698
69.6069091961,63.4949583217,33.896978493620246,56.5294809766,70.8650421698
85.3596530412,54.7148717585,51.9313584027444,69.6069091961,63.4949583217
102.134225244,45.4904965558,71.07490484709837,85.3596530412,54.7148717585
104.4776218782,44.4893355984,73.61218685126121,85.3596530412,54.7148717585
99.2955532068,47.1468254431,67.78962559867755,85.3596530412,54.7148717585
101.4250288847,45.6663394936,70.36969447577033,85.3596530412,54.7148717585
108.294738523,41.8135531318,78.24604345637195,101.4250288847,45.6663394936
107.0516004727,42.0211842134,77.07383236603324,101.4250288847,45.6663394936
49.6424052357,88.9944375271,13.186200558097072,40,80
62.5124111251,101.2482351346,30.95675506263528,49.6424052357,88.9944375271
69.9856515506,108.671295787,41.490090332460156,62.5124111251,101.2482351346
72.8323649579,111.2264651949,45.31177238228342,62.5124111251,101.2482351346
72.0279128984,110.169319818,44.000164353387056,62.5124111251,101.2482351346
71.839683396,109.7076711459,43.54881866018668,62.5124111251,101.2482351346
53.760493485,66.3194603697,19.40382296164692,40,80
69.927353553,50.2463086745,42.20105020259014,53.760493485,66.3194603697
40.8311314014,85.0936234503,5.160986268131239,40,80
44.7605352681,107.8492789754,28.253410851198538,40.8311314014,85.0936234503
45.3292972281,107.6994102568,28.20995789259685,40.8311314014,85.0936234503
45.7965653514,110.146006244,30.700775313371707,45.3292972281,107.6994102568
45.1109122066,107.7473602918,28.215450404703425,40.8311314014,85.0936234503
54.6912968179,69.7000161926,17.942237001676823,40,80
71.1227840516,57.6102709416,38.34213192653668,54.6912968179,69.7000161926
85.9633868077,46.8698202355,56.66154162047953,71.1227840516,57.6102709416
103.5714026543,34.5229679955,78.16705213035839,85.9633868077,46.8698202355
61.8156667996,89.6008228159,23.83482990611588,40,80
83.4254774144,98.9579478717,47.383496622458935,61.8156667996,89.6008228159
103.0381046008,108.3801790868,69.14202566795097,83.4254774144,98.9579478717
79.8953755571,97.3790255466,43.516707521726914,61.8156667996,89.6008228159
85.8067525668,99.9285801247,49.95445609537597,79.8953755571,97.3790255466
108.3545960635,109.8183642418,74.57585078037543,85.8067525668,99.9285801247
41.8216066042,75.6665361855,4.7007615608586235,40,80
48.3232748285,101.6980618648,23.239681421212072,40,80
49.011483097,98.2447219232,20.34887480089284,40,80
54.7151738084,109.5942118209,33.050961584933674,49.011483097,98.2447219232
53.9222234037,108.2766348362,31.518236781501408,49.011483097,98.2447219232
35.1603155246,95.1920451736,15.944302505225199,40,80
29.3574755002,112.3626479393,34.06894185849906,35.1603155246,95.1920451736
29.428426511,111.5855081583,33.310942372941625,35.1603155246,95.1920451736
56.8415176311,82.9219475248,17.093112456669118,40,80
76.1142434123,87.2425059138,36.844193030402025,56.8415176311,82.9219475248
90.4217677785,90.6954949128,51.562494104799896,76.1142434123,87.2425059138
99.9447142162,93.1159241262,61.388224939317155,90.4217677785,90.6954949128
82.0726573357,88.595815952,42.954360339245525,76.1142434123,87.2425059138
102.8393860441,92.6631617107,64.11565337084214,82.0726573357,88.595815952
103.1889810703,92.8303191197,64.49107654997952,82.0726573357,88.595815952
90.529486065,90.511783039,51.62551262917684,82.0726573357,88.595815952
106.0559623171,93.4605165879,67.42606297939241,82.0726573357,88.595815952
105.8409124929,93.7798203813,67.28137937448219,82.0726573357,88.595815952
94.7830599675,90.7557209401,55.840703009677945,76.1142434123,87.2425059138
110.6162842961,93.7873049641,71.96154338275848,94.7830599675,90.7557209401
108.2631028417,93.7512191616,69.64956123493612,94.7830599675,90.7557209401
68.0472434233,84.8230496215,28.45895953077906,56.8415176311,82.9219475248
90.9635556377,88.9754695255,51.748441203134796,68.0472434233,84.8230496215
104.4733857831,91.447686121,65.48260901384049,90.9635556377,88.9754695255
84.9544742449,88.6420240848,45.792136389225945,68.0472434233,84.8230496215
106.5899660247,92.6760350112,67.8004927274014,84.9544742449,88.6420240848
40.3068340797,65.6210616964,14.382211717646229,40,80
40.2905434072,50.1505807639,29.852701227317752,40.3068340797,65.6210616964
40.5614500393,27.1633511087,52.84152715697806,40.2905434072,50.1505807639
40.0034753429,30.3070613367,49.69829699391556,40.2905434072,50.1505807639
39.9223697833,10.5535146298,69.45201020468882,40.0034753429,30.3070613367
39.6988493478,18.5333958947,61.47590264774163,40.0034753429,30.3070613367
40.0851511741,10.9869352829,69.01859568922883,40.0034753429,30.3070613367
39.7291003612,-9.7375590694,89.74614832671793,40.0851511741,10.9869352829
39.8496637418,9.7372613042,70.26867208494562,40.0034753429,30.3070613367
39.4264741995,-3.821004939,83.83354115582901,39.8496637418,9.7372613042
40.2633860285,13.3420244006,66.66532477746463,40.0034753429,30.3070613367
40.1526875053,4.0149859208,75.99302015020857,40.2633860285,13.3420244006
40.6296148018,46.3953849609,33.61059785201813,40.3068340797,65.6210616964
41.5921717314,22.1309980568,57.89406934343758,40.6296148018,46.3953849609
42.5536621938,4.3593316406,75.69172624309651,41.5921717314,22.1309980568
41.9791798974,13.2864314376,66.74709899446765,41.5921717314,22.1309980568
42.4011721633,-8.5586919741,88.596297935044,41.9791798974,13.2864314376
42.201309311,-3.4842928182,83.51929424555105,41.9791798974,13.2864314376
42.651714448,-8.8941559909,88.93787999458306,41.9791798974,13.2864314376
42.7652093619,-7.1408069202,87.18945476002065,41.9791798974,13.2864314376
40.9089213245,30.4757396321,49.53269317670472,40.6296148018,46.3953849609
41.1680874048,18.3392600097,61.671939639402005,40.9089213245,30.4757396321
40.5997103894,47.8428090129,32.162876638035414,40.3068340797,65.6210616964
40.7376001973,36.5782113366,43.42831823648268,40.5997103894,47.8428090129
41.0422189731,15.8463150857,64.16245228535608,40.7376001973,36.5782113366
41.6110183771,-7.4387525337,87.45446608412456,41.0422189731,15.8463150857
41.0365557962,15.0630059838,64.94560049571021,40.7376001973,36.5782113366
41.1671862989,0.5060173027,79.50317528651617,41.0365557962,15.0630059838
41.3885983118,-11.5772013875,91.58842237520471,41.1671862989,0.5060173027
40.6440839109,37.0968825505,42.90889471659451,40.5997103894,47.8428090129
40.0808203116,52.5270631489,27.47816071668036,40.3068340797,65.6210616964
39.5850881823,27.8946631224,52.11554859383847,40.0808203116,52.5270631489
38.9016223618,10.5677634889,69.45592276619053,39.5850881823,27.8946631224
39.1075811383,8.1253513441,71.89062637281828,39.5850881823,27.8946631224
39.2347193255,22.8418565788,57.180488110048145,39.5850881823,27.8946631224
39.53319122,22.4123929601,57.598064387444616,39.5850881823,27.8946631224
40.7635968326,51.5935174679,28.41719049550552,40.3068340797,65.6210616964
40.612253757,53.963222236,26.044051283672744,40.3068340797,65.6210616964
49.7795054143,60.5258221657,21.79179498045685,40,80
63.7349604462,40.2129124238,46.43665301068212,49.7795054143,60.5258221657
57.5842727142,45.5894425945,38.64438609578831,49.7795054143,60.5258221657
55.5761696516,49.8579485264,33.93283465027362,49.7795054143,60.5258221657
59.6544067499,41.8558244819,42.91245997711195,49.7795054143,60.5258221657
68.608039706,22.9678801991,63.81513880884826,59.6544067499,41.8558244819
74.3545950756,12.3503287914,75.88805463357888,68.608039706,22.9678801991
72.0278511544,16.0555478565,71.52717153421722,68.608039706,22.9678801991
82.4382558442,-4.8323235036,94.86554542276171,72.0278511544,16.0555478565
81.1300926513,-2.4988526938,92.19397051347042,72.0278511544,16.0555478565
74.2228686439,13.4376780327,74.87638002917858,68.608039706,22.9678801991
75.5159952322,9.8026034724,78.68269949789695,68.608039706,22.9678801991
87.5316099228,-12.0853611162,103.6518402565368,75.5159952322,9.8026034724
77.6142027998,5.7803200839,83.21934444540393,68.608039706,22.9678801991
78.9007022666,1.3457057367,87.76210795045029,68.608039706,22.9678801991
79.1346696633,1.0804620557,88.10235790124254,68.608039706,22.9678801991
70.2099332676,19.3916745712,67.73295899055385,59.6544067499,41.8558244819
55.1585084151,50.6409940164,33.04539444124312,49.7795054143,60.5258221657
45.0190951464,72.4770101935,9.043599488993241,40,80
57.387796219,53.0410297584,32.08144013643515,45.0190951464,72.4770101935
68.5130298532,35.9498168408,52.474585612557064,57.387796219,53.0410297584
77.89745895,20.8695416002,70.23640451730665,68.5130298532,35.9498168408
88.1222431366,2.9214554793,90.89263861420314,77.89745895,20.8695416002
92.4737758677,-4.0522486762,99.11263780874522,88.1222431366,2.9214554793
96.9321269867,-11.8267740172,108.07182156141239,88.1222431366,2.9214554793
96.7681734351,-11.5519034357,107.75176756586995,88.1222431366,2.9214554793
90.3711912885,0.4109580558,94.19778258902313,77.89745895,20.8695416002
96.4647787068,-8.4993006955,104.99243490577621,90.3711912885,0.4109580558
95.0628341516,-8.0355869383,103.85985457655423,90.3711912885,0.4109580558
93.852605901,-4.5406249016,100.25075057903784,90.3711912885,0.4109580558
97.129140488,-10.5089304863,107.03966107913935,90.3711912885,0.4109580558
69.55591498,33.6368486818,55.01179492442877,68.5130298532,35.9498168408
76.7841996189,22.0057614919,68.68720196113624,68.5130298532,35.9498168408
77.4187857469,22.6698640997,68.46425830601835,68.5130298532,35.9498168408
90.1044730277,2.461725852,92.32417266513553,77.4187857469,22.6698640997
98.4012954362,-10.6475794451,107.83839670150816,90.1044730277,2.461725852
96.4784761131,-7.3009386862,103.98339794892333,90.1044730277,2.461725852
87.7252500344,6.0055922584,88.05816455541786,77.4187857469,22.6698640997
79.7980738074,20.6120214514,71.51664916815224,68.5130298532,35.9498168408
86.390860161,10.3788414635,83.68968513166486,79.7980738074,20.6120214514
99.4148371522,-9.7209608184,107.64017632576731,86.390860161,10.3788414635
86.6904930729,9.4566417163,84.62954131160082,79.7980738074,20.6120214514
73.7106874746,26.9992048858,62.824904405632296,68.5130298532,35.9498168408
79.5204823681,19.8278661955,71.9958894490652,68.5130298532,35.9498168408
91.3491856599,1.8339101267,93.52959968607138,79.5204823681,19.8278661955
87.5483590212,7.6140093684,86.61180892579623,79.5204823681,19.8278661955
97.6972187474,-7.9885323404,105.2246717232524,87.5483590212,7.6140093684
98.8434114023,-8.9977003677,106.69979311157834,87.5483590212,7.6140093684
96.3049151287,-6.0001801798,102.79894678021984,87.5483590212,7.6140093684
100.6972667188,-11.9132193558,110.15339840669631,87.5483590212,7.6140093684
94.3164908932,-2.8535326033,99.07684177637802,87.5483590212,7.6140093684
89.3563835191,4.4050878997,90.2881567173303,79.5204823681,19.8278661955
99.3920734684,-11.2076516617,108.84813272406548,89.3563835191,4.4050878997
73.3841231199,27.5354062087,62.19723216061627,68.5130298532,35.9498168408
69.5171746304,32.6458504271,55.810855649734734,57.387796219,53.0410297584
81.5002025675,13.2005142341,78.65191644384223,69.5171746304,32.6458504271
76.5509276666,20.0839933969,70.20786693060265,69.5171746304,32.6458504271
80.9896038202,12.8432491675,78.6966514226959,69.5171746304,32.6458504271
86.4352315076,4.7122329773,88.4827786033058,80.9896038202,12.8432491675
79.7720593836,16.8941322429,74.60658088330501,69.5171746304,32.6458504271
75.6924191451,22.1850603339,67.95835638817158,69.5171746304,32.6458504271
83.1373829486,10.5116717807,81.80377029853938,75.6924191451,22.1850603339
95.9185496355,-10.8568518938,106.70300775485497,83.1373829486,10.5116717807
30.8268415534,71.151041963,12.7456225515671,40,80
19.7584129761,60.6549040516,27.99944247399701,30.8268415534,71.151041963
15.6365038676,56.5297365596,33.829477291821064,30.8268415534,71.151041963
-1.8844758157,40.2921960103,57.71760095511394,15.6365038676,56.5297365596
14.5771519674,55.8321339131,35.0776926634633,30.8268415534,71.151041963
20.6553852385,62.1187264796,26.348609229410556,30.8268415534,71.151041963
20.0970246233,61.0247877805,27.49926600401841,30.8268415534,71.151041963
31.5726496204,92.4825449466,15.061014665832893,40,80
18.6059137479,111.8356508035,38.356485158947116,31.5726496204,92.4825449466
23.1856059233,105.3494110378,30.420010238002874,31.5726496204,92.4825449466
55.3931927649,77.4228050341,15.607444293978116,40,80
33.5055330241,74.6206171804,8.43302204555777,40,80
16.0183619973,60.6343139952,30.825382959692952,33.5055330241,74.6206171804
5.7723978431,51.7820320001,44.36579203659765,16.0183619973,60.6343139952
0.6635130059,48.1018573087,50.64541974441403,16.0183619973,60.6343139952
-5.5859657106,43.0003124277,58.71274547236401,0.6635130059,48.1018573087
-9.0681302355,39.9557167958,63.336538112540495,0.6635130059,48.1018573087
17.8396357273,59.9907207832,29.867904986845115,33.5055330241,74.6206171804
19.4255210437,61.5279923191,27.65965885824392,33.5055330241,74.6206171804
4.878810923,49.0754468311,46.808357625167616,19.4255210437,61.5279923191
1.4295230618,45.8261524071,51.54278511898762,19.4255210437,61.5279923191
8.8260295165,51.901927347,41.977841266715856,19.4255210437,61.5279923191
-5.2301729637,39.3134831007,60.84701604216866,8.8260295165,51.901927347
-7.2770068277,37.622756577,63.4999809693906,8.8260295165,51.901927347
16.5329449641,85.1754616898,24.03098158129516,40,80
33.9876123467,83.7109533586,7.065407286438545,40,80
16.0391924029,95.310889928,28.43604852373185,33.9876123467,83.7109533586
51.5551497555,91.7565454258,16.48447288271392,40,80
68.8790451012,109.2251688551,41.08671169269736,51.5551497555,91.7565454258
71.6400781861,112.0326648518,45.02439343039518,68.8790451012,109.2251688551
31.2017335185,80.1789801951,8.800086760352107,40,80
12.279605083,80.475891562,27.72454450395343,31.2017335185,80.1789801951
-3.1764368193,80.6355774597,43.18141129097006,12.279605083,80.475891562
-2.9239893394,80.4937199776,42.92814937954906,12.279605083,80.475891562
48.0141481147,79.4004064796,8.036546670931193,40,80
66.2342787474,78.0626841782,26.3057190995968,48.0141481147,79.4004064796
67.8178540299,78.2643681935,27.872810204248466,48.0141481147,79.4004064796
88.8495738357,77.4110027202,48.92183561210762,67.8178540299,78.2643681935
110.4059264207,76.4339738454,70.50031846403743,88.8495738357,77.4110027202
83.5948531564,77.4432091901,43.67116466116728,67.8178540299,78.2643681935
98.2274580742,76.2859417336,58.34946138273204,83.5948531564,77.4432091901
91.8425341939,77.1079765632,51.9256557666489,83.5948531564,77.4432091901
96.6431981338,76.5283385364,56.75154290349044,83.5948531564,77.4432091901
69.1404914359,80.0182343033,29.171922072020003,48.0141481147,79.4004064796
71.2755470767,77.6486991837,31.363808836042722,48.0141481147,79.4004064796
94.6791147249,76.3943367864,54.80096744555924,71.2755470767,77.6486991837
80.8033407855,76.852997544,40.92477081990555,71.2755470767,77.6486991837
97.6437461012,75.5037223285,57.81914251003417,80.8033407855,76.852997544
104.8596851159,74.809266002,65.06777272850287,80.8033407855,76.852997544
83.3863989013,76.7721108392,43.506343128484744,71.2755470767,77.6486991837
105.2591269514,75.4698328506,65.41780497641318,83.3863989013,76.7721108392
99.1378693325,75.7924260507,59.2882505870205,83.3863989013,76.7721108392
78.0372524726,77.2877434262,38.13514171220645,71.2755470767,77.6486991837
92.2834878847,76.2599348216,52.41760287526213,71.2755470767,77.6486991837
42.3621677833,78.6926046804,2.699836876215384,40,80
45.0326295709,76.3530687198,6.215100012099425,40,80
45.2595082587,94.209267036,15.151425570674522,40,80
49.5883878698,85.4472947418,11.027701571305313,40,80
18.5197346558,68.5490290112,24.341867961263336,40,80
2.9661766505,60.1480156135,42.019260097338346,18.5197346558,68.5490290112
5.7565092194,61.6542394626,38.84835087270165,18.5197346558,68.5490290112
8.7852309364,63.1018181601,35.496807168598984,18.5197346558,68.5490290112
-12.0478633527,52.2548114261,58.98457787477654,8.7852309364,63.1018181601
12.1731949409,65.3207016656,31.462307821493305,18.5197346558,68.5490290112
-4.7596534915,56.4907632014,50.55914445262648,12.1731949409,65.3207016656
22.1810340134,66.419179388,22.4043352351042,40,80
4.1554618525,52.8808367452,44.947803762410956,22.1810340134,66.419179388
-9.3350039055,42.6401562725,61.88486970996249,4.1554618525,52.8808367452
48.3175108523,98.624432874,20.397315672809988,40,80
53.3388869264,109.3501962854,32.24029749475294,48.3175108523,98.624432874
46.4852863114,88.7938912322,10.926639993364667,40,80
56.5189188048,102.2282914541,27.694373600945603,46.4852863114,88.7938912322
60.0396024755,107.4735551258,34.005836899978334,46.4852863114,88.7938912322
54.5899956624,72.7313511057,16.300344480331066,40,80
64.2335481721,67.8793924741,27.095695682126166,54.5899956624,72.7313511057
58.6680499155,93.3170143355,22.93117874117055,40,80
70.3009569383,101.5772178786,37.198466092820524,58.6680499155,93.3170143355
72.8724841734,103.5898071769,40.46104540778619,58.6680499155,93.3170143355
70.2334885359,101.5593344665,37.133122679382936,58.6680499155,93.3170143355
82.9366127103,110.515073966,52.675794064094454,70.2334885359,101.5593344665
79.5716087931,108.2055837785,48.59493404823688,70.2334885359,101.5593344665
60.6418291757,94.7004268704,25.341497145388985,58.6680499155,93.3170143355
52.1587488204,90.0945032048,15.802979713626668,40,80
63.9334412627,99.4675365561,30.852801517068023,52.1587488204,90.0945032048
26.2585460107,90.1937134263,17.109627440642228,40,80
38.7890710563,88.8270870224,8.909759492136292,40,80
36.6583430144,105.4700620141,25.688574067751894,38.7890710563,88.8270870224
36.5497780512,107.7961891061,28.01057798309426,38.7890710563,88.8270870224
39.4312824385,80.6748839791,0.8825576751716345,40,80
48.6972215432,72.2164120465,11.67158532511212,40,80
62.9773490234,59.6488319638,30.694364038692342,48.6972215432,72.2164120465
65.1719947167,57.3904960939,33.83520269574533,48.6972215432,72.2164120465
82.8595683819,41.2315559587,57.792698567702686,65.1719947167,57.3904960939
89.2809911072,35.5889227349,66.34103054039366,82.8595683819,41.2315559587
104.0571783738,22.1594508016,86.30816419910704,89.2809911072,35.5889227349
91.0833761147,33.5848451312,69.02226668519798,82.8595683819,41.2315559587
108.4909249253,17.2289060648,92.90823533495575,91.0833761147,33.5848451312
104.3118816932,21.4912615204,86.9456626913073,91.0833761147,33.5848451312
109.4988763278,16.7845106488,93.94979939140869,91.0833761147,33.5848451312
100.1700158259,24.9034562059,81.58888381342796,82.8595683819,41.2315559587
109.6987344938,15.9950809034,94.63325539592199,100.1700158259,24.9034562059
108.2071160338,17.3705605989,92.60430463960552,100.1700158259,24.9034562059
71.0723762796,52.079569364,41.77374445844813,65.1719947167,57.3904960939
87.6486502427,38.1879090163,63.40129831263164,71.0723762796,52.079569364
88.4234830481,37.7724145933,64.26275474624538,71.0723762796,52.079569364
103.9589260393,24.8756074482,84.45378303780913,88.4234830481,37.7724145933
102.7519841291,25.6114006264,83.05626968973998,88.4234830481,37.7724145933
111.1122964073,18.6419712166,93.94055963843239,102.7519841291,25.6114006264
96.7787671318,30.8802323353,75.09386495696803,88.4234830481,37.7724145933
110.7847713224,18.9098850953,93.51823377745359,96.7787671318,30.8802323353
110.5194745774,19.5917052261,92.87694358246792,96.7787671318,30.8802323353
96.1260496313,31.5835897688,74.14359907641155,88.4234830481,37.7724145933
79.7671698935,44.4868078485,53.316586342087106,65.1719947167,57.3904960939
92.1062763863,34.1136987543,69.4366031324268,79.7671698935,44.4868078485
105.7780011048,22.3104799763,87.49849755963946,92.1062763863,34.1136987543
93.8571434503,31.9426115907,72.1814800493288,79.7671698935,44.4868078485
107.6917386368,19.5406505829,90.76116413742137,93.8571434503,31.9426115907
78.0479733206,45.8665179909,51.115043445199994,65.1719947167,57.3904960939
56.9617261144,75.1918092921,17.63005532218929,40,80
57.8993723,93.2794454685,22.2874673456827,40,80
73.6168146977,104.747833657,41.74413517877127,57.8993723,93.2794454685
30.5107174022,98.6293585921,20.906924349936318,40,80
26.5640834977,88.755664256,16.03700435931142,40,80
7.5414107466,101.8838634199,39.1500243238783,26.5640834977,88.755664256
8.4822846673,99.908862632,37.28189275528714,26.5640834977,88.755664256
-0.8091334995,105.570176711,48.1621927810872,8.4822846673,99.908862632
9.7830080034,99.0811122523,35.74028761540079,26.5640834977,88.755664256
0.0425536996,104.8074935585,47.03930938316515,9.7830080034,99.0811122523
7.6939214014,99.973757187,37.98987721343212,26.5640834977,88.755664256
-9.3534979174,109.6178634795,57.576180887480305,7.6939214014,99.973757187
-5.1126240566,106.9112923733,52.5548008668184,7.6939214014,99.973757187
-2.3444355566,105.2478228551,49.3293824534176,7.6939214014,99.973757187
-11.4735524033,110.9425856945,60.07397218879403,7.6939214014,99.973757187
-7.9192752688,108.8901943916,55.969720446506194,7.6939214014,99.973757187
61.3617571094,83.5114361329,21.648437599892453,40,80
76.8851627039,86.1876412582,37.400840436413475,61.3617571094,83.5114361329
81.4842553662,86.9293201385,42.059142319981255,61.3617571094,83.5114361329
97.7819347154,89.9839269218,58.6406071156476,81.4842553662,86.9293201385
108.5174967432,91.7262780668,69.51663946045166,97.7819347154,89.9839269218
78.3301053725,86.3428717517,38.851398695042846,61.3617571094,83.5114361329
92.6170234364,88.613952867,53.31769874712474,78.3301053725,86.3428717517
98.1303490723,89.4752627287,58.897882770916624,78.3301053725,86.3428717517
108.3074580938,91.2299123025,69.22514490385065,98.1303490723,89.4752627287
101.7652075873,90.0475811759,62.57752117082637,78.3301053725,86.3428717517
39.0059482315,83.7559179756,3.885235997708913,40,80
49.6865526178,73.160415319,11.85787587327418,40,80
53.7573170933,85.1563844495,14.691905056753187,40,80
74.6018497669,92.6982429689,36.858866334912726,53.7573170933,85.1563844495
87.8436468416,97.1621976161,50.83284504034204,74.6018497669,92.6982429689
104.3890110503,102.9984314377,68.37737985945077,87.8436468416,97.1621976161
63.7834280611,88.8920288472,25.39134150007611,53.7573170933,85.1563844495
73.5674236061,91.5537000391,35.50934886720743,53.7573170933,85.1563844495
96.3855305129,99.3791937951,59.63204264993719,73.5674236061,91.5537000391
112.1262842828,105.3757931088,76.47634532394802,96.3855305129,99.3791937951
65.7624030983,89.6047149584,27.494628763209455,53.7573170933,85.1563844495
87.6061438608,97.7255974044,50.79908632396498,65.7624030983,89.6047149584
106.6524559634,104.8532139639,71.13538201735284,87.6061438608,97.7255974044
108.6739526743,106.3677903857,73.57056119337602,87.6061438608,97.7255974044
100.4211091111,102.7165826381,64.55165946390528,87.6061438608,97.7255974044
93.7299770534,100.1713634251,57.39325832648358,87.6061438608,97.7255974044
111.1912651286,106.7200103836,76.04215529740904,93.7299770534,100.1713634251
111.6453314149,106.7992269267,76.49531309799856,93.7299770534,100.1713634251
103.4701882756,104.4418741399,68.0262822183224,87.6061438608,97.7255974044
58.9678936582,75.7233858291,19.444032981753722,40,80
74.2510429836,72.2968703406,35.10658902141101,58.9678936582,75.7233858291
90.421811161,69.1521694501,51.58029191838969,74.2510429836,72.2968703406
101.5528131323,66.9073505931,62.935397227713224,90.421811161,69.1521694501
95.0406998366,67.9283221446,56.35027150365181,74.2510429836,72.2968703406
108.6611338194,65.0364360416,70.27432361187583,95.0406998366,67.9283221446
106.4918665034,64.9783111092,68.17532047352138,95.0406998366,67.9283221446
102.0011855186,66.1109385689,63.54410525142157,95.0406998366,67.9283221446
75.4529021068,71.6679418724,36.420549975423185,58.9678936582,75.7233858291
99.3973588105,65.9850626699,61.030144097748135,75.4529021068,71.6679418724
98.3002800957,66.2100370388,59.910790632775054,75.4529021068,71.6679418724
25.986669379,65.6243292386,20.075690397434087,40,80
16.1370276367,55.6233656402,34.11259587364858,25.986669379,65.6243292386
-0.6115832094,38.2281377139,58.26026490985218,16.1370276367,55.6233656402
-0.1109880158,39.23979807,57.18680873067133,16.1370276367,55.6233656402
-8.232649487,31.0088909534,68.75007890025879,-0.1109880158,39.23979807
12.202008421,50.9229650165,40.228779185951126,25.986669379,65.6243292386
-4.7567733388,32.8791040634,64.9912749582139,12.202008421,50.9229650165
18.4597591538,57.9612994265,30.817031255974683,25.986669379,65.6243292386
4.4250518721,43.1294731884,51.23653365050415,18.4597591538,57.9612994265
47.6853153632,77.777175968,8.00031367566764,40,80
23.6058811434,74.4224189413,17.316943828248004,40,80
0.3494759602,67.1609648805,41.68062780917093,23.6058811434,74.4224189413
-9.5278845461,64.2613880594,51.97479102493914,0.3494759602,67.1609648805
11.4358495642,70.4322849523,30.12439626379889,23.6058811434,74.4224189413
-5.4448140008,64.6463671459,47.96910548690295,11.4358495642,70.4322849523
-9.8842095019,63.4767696616,52.55998674113593,-5.4448140008,64.6463671459
1.136850271,67.3972804412,40.858607305803105,23.6058811434,74.4224189413
2.0815160056,66.6333700474,40.20728190475759,23.6058811434,74.4224189413
63.4532927718,72.2900930008,24.688045847658326,40,80
79.330103284,66.3112487176,41.65329535961829,63.4532927718,72.2900930008
75.9163656835,67.9850044069,37.87371891366744,63.4532927718,72.2900930008
89.3748602401,63.6386724689,52.01662091591969,75.9163656835,67.9850044069
109.1424684559,57.1421404392,72.82439020977436,89.3748602401,63.6386724689
96.2730801665,60.5474818787,59.54657211530807,75.9163656835,67.9850044069
106.8078251713,56.8971734515,70.69581441825609,96.2730801665,60.5474818787
79.3782859105,66.8291957521,41.5233303783249,63.4532927718,72.2900930008
89.9979897327,63.3003394917,52.713993262078205,79.3782859105,66.8291957521
100.5002802892,59.2430548671,63.96632884245405,79.3782859105,66.8291957521
22.2079973092,75.7856339609,18.284316800497464,40,80
5.1263004219,71.3079156197,35.94314830466878,22.2079973092,75.7856339609
2.402058491,71.3669300545,38.5771765467904,22.2079973092,75.7856339609
-5.0234935927,69.1715101562,46.32047637810218,2.402058491,71.3669300545
-5.4843544006,69.8067819073,46.616428411112494,2.402058491,71.3669300545
-0.4717026441,70.4299499429,41.58779596718793,22.2079973092,75.7856339609
-1.197237407,69.6735468139,42.47445159575928,22.2079973092,75.7856339609
-11.2469099363,67.1206628112,52.843305663466495,-1.197237407,69.6735468139
47.1837066588,98.3530612289,19.708893876406155,40,80
33.8353501049,58.4276247492,22.435915008986928,40,80
29.6463162174,44.3848988511,37.09013472754553,33.8353501049,58.4276247492
25.3090596492,28.4304124297,53.623659200840116,29.6463162174,44.3848988511
24.5597993671,27.257714589,54.95667032951134,29.6463162174,44.3848988511
21.5730556894,16.8942824809,65.74190852138634,24.5597993671,27.257714589
14.7691141711,-4.8420186943,88.51822097453484,21.5730556894,16.8942824809
13.5568255399,-8.9597128644,92.81066188895781,14.7691141711,-4.8420186943
13.6503766048,-9.0705426775,92.89223387103486,14.7691141711,-4.8420186943
24.8916895657,27.8832304598,54.263123235475234,29.6463162174,44.3848988511
23.707489434,23.3397709922,58.95716630845925,29.6463162174,44.3848988511
20.0655484106,10.739116897,72.07357656602608,23.707489434,23.3397709922
13.6998897189,-11.2367929458,94.95287340832631,20.0655484106,10.739116897
14.167927762,-8.1258664597,91.83893834777348,20.0655484106,10.739116897
13.5120115955,-12.247420638,95.97608171998085,20.0655484106,10.739116897
19.9209492831,9.8211986989,72.99602962297143,23.707489434,23.3397709922
15.2104228144,-6.992794238,90.45739893051564,19.9209492831,9.8211986989
15.7040259325,-5.3461020458,88.73862961233192,19.9209492831,9.8211986989
28.3932127359,37.5159785139,44.044103443314384,33.8353501049,58.4276247492
22.700966342,15.7466990763,66.54528555095446,28.3932127359,37.5159785139
18.858555073,2.4529562849,80.38319441624324,22.700966342,15.7466990763
18.0839351364,-2.1452599879,85.02335840253974,22.700966342,15.7466990763
29.3296250437,41.075198237,40.36377779818818,33.8353501049,58.4276247492
23.3715484984,18.0116431516,64.18448831019714,29.3296250437,41.075198237
55.7957467151,82.0717313826,15.931029006603506,40,80
73.6705381864,84.3138521721,33.945891642137724,55.7957467151,82.0717313826
96.89284792,87.4569012632,57.379935829010755,73.6705381864,84.3138521721
107.7563632313,88.9124757848,68.34053171184398,96.89284792,87.4569012632
94.4134049112,87.0586551193,54.86957351655393,73.6705381864,84.3138521721
110.8266524158,88.9846315476,71.39543442755112,94.4134049112,87.0586551193
108.0013289659,88.7010732535,68.55639993628483,94.4134049112,87.0586551193
95.2944400325,86.5887949219,55.68913186903664,73.6705381864,84.3138521721
108.0904669132,88.2614469749,68.59401733237966,95.2944400325,86.5887949219
41.0198875511,92.9706323135,13.010667670373387,40,80
42.5116901521,112.0390832881,32.13738452327509,41.0198875511,92.9706323135
41.9398359157,107.3705952207,27.439986321032737,41.0198875511,92.9706323135
20.5629350806,68.1979298802,22.73957677252693,40,80
12.077178914,63.6279377966,32.37767229826004,20.5629350806,68.1979298802
-4.7862257904,53.4149131214,52.09264861680083,12.077178914,63.6279377966
-9.5936193914,50.7170438469,57.60531873728028,-4.7862257904,53.4149131214
-9.2247125429,51.2960588014,56.99160776566964,12.077178914,63.6279377966
-6.2883327261,52.858496201,53.667878734170614,12.077178914,63.6279377966
-9.8565057585,50.8180197709,57.778280521215315,-6.2883327261,52.858496201
35.2888508735,76.4118828994,5.92195157188404,40,80
17.4056245085,62.7296602072,28.43890081064158,35.2888508735,76.4118828994
-0.8553076335,48.9721565907,51.302202156963794,17.4056245085,62.7296602072
0.1848726265,49.1904533007,50.344708694361,17.4056245085,62.7296602072
1.8087963384,51.0264169725,47.938309806254146,17.4056245085,62.7296602072
2.3801178831,50.9360761731,47.54006500865103,17.4056245085,62.7296602072
-6.2938411071,44.1244517922,58.568926748202514,2.3801178831,50.9360761731
7.5947288787,55.1774235727,40.81993272410956,17.4056245085,62.7296602072
-6.0085297503,44.5074042872,58.10859828511816,7.5947288787,55.1774235727
41.1432888065,87.0544352576,7.146479279948851,40,80
32.5140311859,86.3848514215,9.839006899088359,40,80
15.6952930276,100.6329603344,31.88166011577978,32.5140311859,86.3848514215
36.1427954661,80.8916360778,3.9589192605524692,40,80
36.4157975445,79.7844131287,3.5906802894561833,40,80
48.6633016772,88.6463874345,12.239804394583105,40,80
24.215436592,69.4646937779,18.9774898017254,40,80
3.113009847,56.2301426278,43.88663990109058,24.215436592,69.4646937779
8.6369699615,59.3641246213,37.54386047142984,24.215436592,69.4646937779
-4.6423193672,50.4933253054,53.51353816317733,8.6369699615,59.3641246213
-11.302459416,46.441604628,61.30930021170731,-4.6423193672,50.4933253054
-10.0469413928,46.9135867347,59.99616629335401,-4.6423193672,50.4933253054
-9.2347708521,47.6839868205,58.89712371222365,-4.6423193672,50.4933253054
-12.1697933946,45.5762711192,62.504660846313655,-4.6423193672,50.4933253054
16.1747019351,63.9043093568,28.753546713030914,24.215436592,69.4646937779
-4.091043714,50.4962479558,53.05327011160074,16.1747019351,63.9043093568
16.7896665358,64.6399827553,27.832990768873138,24.215436592,69.4646937779
-2.1740256552,52.6238445765,50.283139949825355,16.7896665358,64.6399827553
51.4909926395,90.4971781332,15.563857510308146,40,80
69.0914373557,107.0050641028,39.69445952089481,51.4909926395,90.4971781332
68.591488525,106.2697953484,38.82761501736676,51.4909926395,90.4971781332
72.199485572,109.4824690216,43.65865163714445,68.591488525,106.2697953484
46.2338879394,89.2055211476,11.117687639068993,40,80
44.4690119093,97.3461625993,17.91260518090039,40,80
48.1297517067,110.3686737491,31.439867006966054,44.4690119093,97.3461625993
47.0373193597,107.6015613337,28.48471028638025,44.4690119093,97.3461625993
47.0983301033,110.1958557804,31.028546969948827,44.4690119093,97.3461625993
46.6881078604,108.401839734,29.188791759124292,44.4690119093,97.3461625993
52.4329798868,63.6121436629,20.570387069547376,40,80
55.3581359654,59.7214213487,25.438061895414897,52.4329798868,63.6121436629
65.867661327,45.400015368,43.20161068714153,52.4329798868,63.6121436629
67.215546749,43.8342262217,45.26229467804002,52.4329798868,63.6121436629
58.5867942265,55.2337719096,30.965893029528,52.4329798868,63.6121436629
72.0069186076,38.049354944,52.76965244967837,58.5867942265,55.2337719096
34.1228705833,100.4028004502,21.232402511051873,40,80
32.7509616563,105.1484756002,26.17239914397682,34.1228705833,100.4028004502
22.4778556423,86.0489846263,18.536875624044406,40,80
1.7931772019,92.5337540598,40.21424070350931,22.4778556423,86.0489846263
1.5037200161,93.3797220406,40.75520311068592,22.4778556423,86.0489846263
-4.4326037963,95.2208760574,46.97048979106085,1.5037200161,93.3797220406
-11.941614171,97.5490599252,54.832148439796235,1.5037200161,93.3797220406
4.1279407858,91.2324577637,37.604853204452525,22.4778556423,86.0489846263
11.0083466739,90.2900397601,30.765374494475697,22.4778556423,86.0489846263
-8.7893090487,96.9645747799,51.65787529837979,11.0083466739,90.2900397601
35.8140973409,100.3593209958,20.78518059775963,40,80
34.2276866051,107.1210706235,27.73053566790274,35.8140973409,100.3593209958
33.992705281,84.2110045264,7.336221708910291,40,80
13.7657911901,98.098239156,31.871570479576064,33.992705281,84.2110045264
5.0259475445,104.1909004879,42.52546127377722,13.7657911901,98.098239156
16.8539611446,95.8955622843,28.079062415300687,33.992705281,84.2110045264
4.5594376789,104.3646257042,43.00823996997315,16.8539611446,95.8955622843
20.5688011241,78.5791658273,19.48307623300514,40,80
48.5969817749,70.1370482103,13.083803485374936,40,80
63.604838637,52.6213066943,36.14973005355354,48.5969817749,70.1370482103
73.8367469337,41.4771569106,51.27864349086354,63.604838637,52.6213066943
74.1077906449,40.8115673356,51.95422133295506,63.604838637,52.6213066943
81.3591214804,32.5030019336,62.98209773438361,74.1077906449,40.8115673356
94.0229265647,17.1841344186,82.85770240833666,81.3591214804,32.5030019336
94.3314783268,16.9019595124,83.27186280888417,81.3591214804,32.5030019336
103.8256148351,5.6527289202,97.99204680755494,94.3314783268,16.9019595124
76.7227547543,37.8461665367,55.90788001596762,63.604838637,52.6213066943
81.6057739832,32.2917051438,63.30354889410323,76.7227547543,37.8461665367
75.4248076396,39.0566679842,54.14170300145362,63.604838637,52.6213066943
91.0656899949,21.2635441614,77.83204821265363,75.4248076396,39.0566679842
106.2028827039,3.402866332,101.24440425887468,91.0656899949,21.2635441614
103.040681555,7.6650249116,95.95165495925957,91.0656899949,21.2635441614
100.7732930639,9.7039954752,92.9271044620979,91.0656899949,21.2635441614
105.2228061943,4.6222938102,99.68050702179228,91.0656899949,21.2635441614
33.5655956939,97.8965684985,19.018115647872712,40,80
39.6053660567,76.0738129084,3.945970226376647,40,80
39.4078353949,51.698903313,28.321680188268505,39.6053660567,76.0738129084
34.2370369593,99.5564988036,20.387947137063165,40,80
15.5180248548,78.9379338806,24.50500135588994,40,80
4.4159957498,78.5512743429,35.613761675851904,15.5180248548,78.9379338806
6.3846342041,78.414051089,33.65340438361171,15.5180248548,78.9379338806
-9.4244683402,77.1076282423,49.516394767223886,6.3846342041,78.414051089
59.5049430931,70.6328175138,21.637627245029467,40,80
71.1307295346,65.4507383862,34.36605426756735,59.5049430931,70.6328175138
64.7127941351,68.2433724697,27.367475418797643,59.5049430931,70.6328175138
83.5104645672,59.6784557006,48.0244406590128,64.7127941351,68.2433724697
86.9855318378,57.1879153322,52.233073688141054,64.7127941351,68.2433724697
84.2326197521,59.3706549968,48.8092269207621,64.7127941351,68.2433724697
82.6259196179,60.3404384568,46.946454722499624,64.7127941351,68.2433724697
94.4547253503,55.0414509463,59.9079327898843,82.6259196179,60.3404384568
108.6968649643,48.7426624663,75.4807705884504,94.4547253503,55.0414509463
112.1415192703,46.689650068,79.46746389569871,94.4547253503,55.0414509463
110.2650534437,47.954985504,77.23376514754797,94.4547253503,55.0414509463
82.8808340502,59.9086525857,47.3561029329971,64.7127941351,68.2433724697
80.3622473029,61.3517479743,44.46667432757708,59.5049430931,70.6328175138
77.3687244774,62.4393890155,41.29079380675223,59.5049430931,70.6328175138
74.7709523554,63.156780433,38.635926254934134,59.5049430931,70.6328175138
89.8601768717,55.7324454205,55.45274661079043,74.7709523554,63.156780433
110.6349478716,44.1622389408,79.23216603350085,89.8601768717,55.7324454205
92.6555533827,54.4446413691,58.530500517952724,89.8601768717,55.7324454205
98.8700125154,51.4254974257,65.43908424559923,89.8601768717,55.7324454205
108.4390372837,45.908160102,76.46918389753995,89.8601768717,55.7324454205
109.6641596029,46.0010657504,77.51850021907,89.8601768717,55.7324454205
105.0927262016,47.6467587264,72.69829352595036,89.8601768717,55.7324454205
87.4648520634,57.0832013175,52.708006878246394,74.7709523554,63.156780433
107.646182396,48.1730179754,74.76877434412022,87.4648520634,57.0832013175
107.1319269111,48.2849863279,74.2533641523381,87.4648520634,57.0832013175
73.4762175108,64.6764736212,36.8256008235419,59.5049430931,70.6328175138
70.6531827797,65.4112622378,33.94810601761206,59.5049430931,70.6328175138
80.2224212708,61.9009418957,44.12005491317609,59.5049430931,70.6328175138
31.839465071,67.6847872542,14.773584375558416,40,80
18.7128888389,48.2048231173,38.26349723942496,31.839465071,67.6847872542
14.4444834357,42.046438896,45.75649269539741,18.7128888389,48.2048231173
2.1873645202,20.2757902205,70.74044970506179,14.4444834357,42.046438896
8.5718038141,34.1015246156,55.636271481425965,14.4444834357,42.046438896
1.6512535988,23.3928610428,68.37557084604586,14.4444834357,42.046438896
-9.5635054511,6.6490571984,88.52813365396332,1.6512535988,23.3928610428
18.5139955035,48.4043520741,38.21080519903505,31.839465071,67.6847872542
4.9121432199,28.4179951077,62.38651305492296,18.5139955035,48.4043520741
-7.3298357649,10.2811586107,84.26826087321197,4.9121432199,28.4179951077
3.4282485064,26.4221798529,64.87352372077174,4.9121432199,28.4179951077
-3.1739696043,16.9258534637,76.43836489628005,4.9121432199,28.4179951077
-5.8909964132,13.0520036527,81.17005689860136,4.9121432199,28.4179951077
-1.8130270372,18.0898410645,74.71123134489011,4.9121432199,28.4179951077
0.8658547821,22.4524692223,69.5948380483768,4.9121432199,28.4179951077
0.8473740876,22.5283023759,69.54268721252397,4.9121432199,28.4179951077
0.4103773715,22.2348941248,70.03482224836954,4.9121432199,28.4179951077
20.0731841983,51.2629000191,34.97565718845576,31.839465071,67.6847872542
21.4080404078,51.5115857554,34.01902714066008,31.839465071,67.6847872542
10.307283498,33.5806407588,55.10801935085274,21.4080404078,51.5115857554
0.0340100758,16.8300757093,74.75799584663542,10.307283498,33.5806407588
-3.215123672,12.1853418009,80.42636626421874,0.0340100758,16.8300757093
8.4623613248,32.614965151,56.924766098106055,21.4080404078,51.5115857554
-1.1607975309,18.015299873,74.41062931933926,8.4623613248,32.614965151
-5.5178630945,11.3746786631,82.3530389271902,-1.1607975309,18.015299873
-1.4696294517,16.1665960996,76.13916916548065,8.4623613248,32.614965151
-0.8356558134,18.1530170323,74.11781894192153,8.4623613248,32.614965151
-5.76695311,9.9306359834,83.7055842259053,-0.8356558134,18.1530170323
-7.5138203486,7.8782897366,86.37212033205412,-0.8356558134,18.1530170323
-7.3151037619,8.1972478124,85.99639572860895,-0.8356558134,18.1530170323
-4.2623349568,12.6067609947,80.63649587514142,8.4623613248,32.614965151
14.1889052538,40.8925721233,46.859563067577,21.4080404078,51.5115857554
2.0930952071,20.3563628165,70.69324749484396,14.1889052538,40.8925721233
8.8017584278,30.796345564,58.268553353488784,21.4080404078,51.5115857554
13.394571839,38.1381870022,49.60952016414195,21.4080404078,51.5115857554
10.9686983717,33.6563419282,54.70210220882748,21.4080404078,51.5115857554
12.1409915073,36.8660402741,51.35021861063943,21.4080404078,51.5115857554
16.2270805219,44.2288180689,42.956647098726854,21.4080404078,51.5115857554
50.0659193002,86.6074823487,12.040828640360306,40,80
64.1894772899,96.098919358,29.05735786314626,50.0659193002,86.6074823487
70.5413832102,99.4896879286,36.23165010083409,50.0659193002,86.6074823487
84.1768132886,108.1849764778,52.40363193290354,70.5413832102,99.4896879286
86.5623929208,109.3629336153,55.050622775692815,70.5413832102,99.4896879286
91.4606332327,112.0665600595,60.64051599216291,70.5413832102,99.4896879286
86.7989158916,109.1623108766,55.149023163206294,70.5413832102,99.4896879286
81.1819967809,106.0619091797,48.73831829561623,70.5413832102,99.4896879286
84.5261630774,108.1276735749,52.66907276862867,70.5413832102,99.4896879286
21.9750634509,71.4825589832,19.936026160540326,40,80
0.0733040267,61.098891981,44.17458235285736,21.9750634509,71.4825589832
-7.2674815605,57.6430805784,52.2881367827964,0.0733040267,61.098891981
5.537565503,63.8036826855,38.0786963053287,21.9750634509,71.4825589832
-7.38215907,58.6612073088,51.98424685329859,5.537565503,63.8036826855
-12.3813888461,56.2102514327,57.54017423369091,5.537565503,63.8036826855
55.4678538679,83.9928102614,15.974887701084162,40,80
78.2148331218,88.3265424727,39.13101648066682,55.4678538679,83.9928102614
94.7680133535,92.1589292344,56.12204246718091,78.2148331218,88.3265424727
108.6416463022,95.5700540832,70.40887080412664,94.7680133535,92.1589292344
41.2489118785,92.9144804416,12.974728743088523,40,80
37.7314181505,78.5405565847,2.6974874773283712,40,80
16.9107675839,64.8414689878,27.620659245865383,37.7314181505,78.5405565847
17.8228934122,66.0238643639,26.213799718105797,37.7314181505,78.5405565847
-0.6093661698,54.2303892236,48.096081344643395,17.8228934122,66.0238643639
-8.3932133498,49.1446911611,57.39407046619598,-0.6093661698,54.2303892236
4.5285556816,57.239430545,42.14821822691523,17.8228934122,66.0238643639
-7.6606970521,49.1003714791,56.80503113710215,4.5285556816,57.239430545
18.8320358343,65.4576879088,25.683311472233115,37.7314181505,78.5405565847
26.6834896088,96.636398638,21.30960367161684,40,80
19.5716731941,105.4062176317,32.600646931593204,26.6834896088,96.636398638
19.0667474165,105.3793300908,32.90501707573152,26.6834896088,96.636398638
47.4222412068,96.966348421,18.518818625244144,40,80
53.2939519449,111.7752227302,34.449284572528995,47.4222412068,96.966348421
51.8337371161,107.1425539606,29.610096970951467,47.4222412068,96.966348421
52.5630245927,83.1865585743,12.960854233584678,40,80
73.5660694665,88.3650419701,34.59288105150982,52.5630245927,83.1865585743
75.8042894053,89.0849803247,36.93892273867888,52.5630245927,83.1865585743
76.1687686563,88.9000088783,37.248189764113015,52.5630245927,83.1865585743
80.1541959367,89.7349711315,41.32014170042383,76.1687686563,88.9000088783
103.5829598028,95.586955265,65.46869641063803,80.1541959367,89.7349711315
103.9557815376,95.339260996,65.77261687170879,80.1541959367,89.7349711315
97.538042205,94.1081179643,59.2456130833782,80.1541959367,89.7349711315
97.0651908949,93.5450096967,58.655024000127426,80.1541959367,89.7349711315
110.5961384056,96.4087512015,72.485698457421,97.0651908949,93.5450096967
90.9467176057,92.2302925173,52.39737749254568,80.1541959367,89.7349711315
108.6732292029,95.9462328139,70.50918098346182,90.9467176057,92.2302925173
106.6689467784,96.2893956288,68.63513621192219,90.9467176057,92.2302925173
101.7563669017,94.8874012257,63.528278188583,80.1541959367,89.7349711315
99.8399787952,94.8935401045,61.6663921139871,76.1687686563,88.9000088783
109.0284844396,97.3693693828,71.18260809474639,99.8399787952,94.8935401045
67.8791001932,85.9408217796,28.522606628617215,52.5630245927,83.1865585743
65.7683046998,85.5719829199,26.37985837009019,52.5630245927,83.1865585743
19.5198404504,66.0450052911,24.782631266725883,40,80
8.2179692288,58.0797453723,38.609332199474515,19.5198404504,66.0450052911
-9.7352846298,45.4714337574,60.54762853008684,8.2179692288,58.0797453723
11.359815224,60.4780562309,34.660735008555385,19.5198404504,66.0450052911
3.943053695,55.4471011361,43.6227973514973,19.5198404504,66.0450052911
14.7331055227,62.7463894336,30.595865981014782,19.5198404504,66.0450052911
11.620935909,60.6803750375,34.33103169360315,19.5198404504,66.0450052911
17.8027863776,91.0633599436,24.80149644356391,40,80
22.8831637802,82.8434956307,17.35141347490939,40,80
6.6010520838,85.3400572088,33.823814059137874,22.8831637802,82.8434956307
-6.3346468067,87.1959872757,46.89197315668893,6.6010520838,85.3400572088
0.1230140047,86.6181268108,40.422439857560335,22.8831637802,82.8434956307
35.7045714877,79.9186458859,4.29619885435495,40,80
21.2308398555,80.8394772278,18.787924168089514,40,80
23.8768679834,91.4458793707,19.77279799606843,40,80
41.8474619394,75.3595646633,4.994672735187521,40,80
48.6847447692,55.2345013322,26.249474794380266,41.8474619394,75.3595646633
49.9878824139,91.8808517422,15.521354104395325,40,80
57.7983702425,101.9745897964,28.28408375081164,49.9878824139,91.8808517422
65.4876819697,111.3398874963,40.39901192721538,49.9878824139,91.8808517422
61.8529824699,106.9583320202,34.70757340034757,49.9878824139,91.8808517422
65.890702657,111.9801152505,41.15129058233478,61.8529824699,106.9583320202
62.5793615421,107.0674566094,35.24895694985932,49.9878824139,91.8808517422
56.7752107208,100.5709122364,26.547911905382072,49.9878824139,91.8808517422
36.4242887917,67.1521279354,13.336173635398247,40,80
33.3326257405,54.8517173018,26.019173366429357,36.4242887917,67.1521279354
32.3034064199,52.2490557359,28.798490166426895,36.4242887917,67.1521279354
26.0402080463,29.773474556,52.13042971806599,32.3034064199,52.2490557359
23.86653475,22.3444350649,59.87093896225471,26.0402080463,29.773474556
19.427362162,7.0818130521,75.76602221110666,26.0402080463,29.773474556
24.2939325437,23.8450809959,58.310666633785004,26.0402080463,29.773474556
24.4075675152,24.0970805177,58.03694852205182,26.0402080463,29.773474556
21.7323651566,12.6381716369,69.79893606386828,26.0402080463,29.773474556
15.7980248607,-8.1012415399,91.37066880988496,21.7323651566,12.6381716369
30.968406386,87.2400405545,11.575312973706163,40,80
18.5499903545,97.1545123073,27.465995994535863,30.968406386,87.2400405545
19.5505511387,96.6902539064,26.396714757772514,30.968406386,87.2400405545
39.7594319765,96.3727301887,16.374497452010527,40,80
55.8029107294,81.3325302216,15.85899190720718,40,80
74.4705894192,82.905424641,34.592817584846884,55.8029107294,81.3325302216
69.9152897152,82.2995306424,30.004462222918743,55.8029107294,81.3325302216
90.6580128956,83.8632983744,50.80604712547719,69.9152897152,82.2995306424
82.8120930751,82.5458656672,42.90361792584639,69.9152897152,82.2995306424
89.3843362144,83.4038477172,49.504802932498826,69.9152897152,82.2995306424
105.6258945036,84.3673124059,65.77491294650466,89.3843362144,83.4038477172
106.351671995,84.0614215037,66.48487615896994,89.3843362144,83.4038477172
100.6525711721,83.6624216886,60.776004268674924,89.3843362144,83.4038477172
94.7278547097,84.8133943067,54.94404706567373,69.9152897152,82.2995306424
109.3959763576,85.920700154,69.65390494795993,94.7278547097,84.8133943067
65.1314860956,82.3881291549,25.247101805949182,55.8029107294,81.3325302216
81.1384730731,83.4854956464,41.29165992745948,65.1314860956,82.3881291549
83.3647850474,83.7916194925,43.53433712989708,65.1314860956,82.3881291549
84.3162807445,84.1400323281,44.511719903610256,65.1314860956,82.3881291549
99.4695176441,85.5170016713,59.72739054632303,84.3162807445,84.1400323281
105.8932019692,86.2319415859,66.1898105455413,84.3162807445,84.1400323281
97.5672309648,85.1942909067,57.80454288789092,84.3162807445,84.1400323281
92.6623449894,85.0349598638,52.905627436705444,84.3162807445,84.1400323281
102.2102863841,85.8844838795,62.49055604628696,84.3162807445,84.1400323281
102.9510754638,85.6125878196,63.20460608809224,84.3162807445,84.1400323281
71.9569810719,82.3824885024,32.047148103076395,55.8029107294,81.3325302216
79.6729619636,81.950551616,39.73704242158689,55.8029107294,81.3325302216
92.6829418706,82.9184660765,52.78297801790917,79.6729619636,81.950551616
107.970580915,83.8018531643,68.09611878976767,92.6829418706,82.9184660765
28.3529957204,98.8192497316,22.13180673034507,40,80
22.4303839169,108.6311393723,33.59263169612452,28.3529957204,98.8192497316
24.5495062428,104.8634168407,29.273129314358496,28.3529957204,98.8192497316
43.9312113699,66.3921085969,14.164361308346871,40,80
49.9840188877,45.4120642434,36.000082957112305,43.9312113699,66.3921085969
55.7192321363,25.7108688966,56.5190929015441,49.9840188877,45.4120642434
56.055278112,23.6866234299,58.557896838549034,49.9840188877,45.4120642434
58.6532544565,15.6561354961,66.99817038515219,56.055278112,23.6866234299
58.1517029436,17.3599629469,65.22285219786711,56.055278112,23.6866234299
63.2092584739,0.6357619389,82.69338213501071,56.055278112,23.6866234299
65.6521497631,-7.1413895826,90.84517970605104,63.2092584739,0.6357619389
49.1424883229,48.8507160408,32.463483153071266,43.9312113699,66.3921085969
48.6296849828,56.9130477683,24.64708555288356,40,80
55.910145265,37.3254727945,45.543932091893396,48.6296849828,56.9130477683
62.9981537633,19.2133836866,64.99354998851243,55.910145265,37.3254727945
71.0505453901,-1.4332002485,87.1548324220831,62.9981537633,19.2133836866
68.8025067878,4.1034091633,81.18002100994873,62.9981537633,19.2133836866
70.0703695807,-0.1058526398,85.56656942667891,62.9981537633,19.2133836866
71.0150643894,-1.3042673375,87.02182408190492,62.9981537633,19.2133836866
66.1523772975,10.496068192,74.2639715288791,62.9981537633,19.2133836866
73.5240489703,-10.5970066214,96.6080836914881,66.1523772975,10.496068192
71.0376842244,-1.915095831,87.59989194736542,62.9981537633,19.2133836866
72.5986582165,-6.2445190831,92.20212461204424,71.0376842244,-1.915095831
61.2091915153,24.1225187499,59.770593213415836,55.910145265,37.3254727945
51.0294550279,49.5813606992,32.361522120032674,48.6296849828,56.9130477683
56.7912326503,38.7418834588,44.56697693541176,48.6296849828,56.9130477683
51.6622049082,48.6852094622,33.41597945629432,48.6296849828,56.9130477683
58.710407518,32.7523101565,50.838219275398146,51.6622049082,48.6852094622
58.3351383524,32.262154504,51.142929981152804,51.6622049082,48.6852094622
61.7319082311,23.9741649735,60.09998396483077,58.3351383524,32.262154504
71.0901831339,1.5435555648,84.40450098537733,61.7319082311,23.9741649735
60.4500818713,26.5084921418,57.27040404854792,51.6622049082,48.6852094622
66.2936595211,11.1379316062,73.71429443153778,60.4500818713,26.5084921418
63.5825728615,18.8066539162,65.58489813159335,60.4500818713,26.5084921418
63.6587127176,18.3249834696,66.06046241557829,60.4500818713,26.5084921418
64.5358519035,15.7351882252,68.7924522187064,60.4500818713,26.5084921418
72.4726926315,-5.2981919573,91.27347805480257,64.5358519035,15.7351882252
69.4562708583,4.2328160553,81.29782973629541,60.4500818713,26.5084921418
59.2464486414,29.9236344289,53.652516974721955,51.6622049082,48.6852094622
66.4505771693,12.1939994051,72.78989991815646,59.2464486414,29.9236344289
56.1910590248,34.9044566317,47.91836530327673,48.6296849828,56.9130477683
55.9820576014,35.1971984977,47.57382742054014,48.6296849828,56.9130477683
61.8862904992,18.8913198848,64.91573168305104,55.9820576014,35.1971984977
62.9436076014,15.6646378792,68.30988545281515,55.9820576014,35.1971984977
70.0877608865,-5.5544261563,90.6993384319224,62.9436076014,15.6646378792
71.416057791,-9.1628444693,94.54447242023777,70.0877608865,-5.5544261563
63.6049811499,14.1810883451,69.92971812908702,55.9820576014,35.1971984977
63.1060903554,15.3728745543,68.6393362559072,55.9820576014,35.1971984977
64.5435079972,11.3356671382,72.92480159791741,63.1060903554,15.3728745543
53.2456732259,44.0775479382,38.28737159639945,48.6296849828,56.9130477683
59.9617081417,25.6724341793,57.87954701079116,53.2456732259,44.0775479382
64.2311541865,12.939637921,71.3090767897833,59.9617081417,25.6724341793
73.1860847896,-10.2266930119,96.14593792397207,64.2311541865,12.939637921
69.0639568212,0.5249315431,84.63127314606908,64.2311541865,12.939637921
67.1158935677,5.5806538591,79.20704113327932,59.9617081417,25.6724341793
67.101379134,5.4172289093,79.35623768715296,59.9617081417,25.6724341793
66.387185824,7.4153776851,77.23431064350302,59.9617081417,25.6724341793
54.1829041384,40.9254107222,41.57170611902778,48.6296849828,56.9130477683
50.5934078866,78.5762565048,10.688654554807325,40,80
73.0650773748,75.4142958086,33.38169148315194,50.5934078866,78.5762565048
95.2493887323,72.2790315306,55.78645777292624,73.0650773748,75.4142958086
110.3666066399,70.1718026495,71.04983521119998,95.2493887323,72.2790315306
91.7507434605,73.4470179066,52.17063236362674,73.0650773748,75.4142958086
103.5074118005,71.6265817901,64.06740663697562,91.7507434605,73.4470179066
32.4996226515,83.0157015947,8.083941889831227,40,80
12.2368187624,90.8240756387,29.799188300110313,32.4996226515,83.0157015947
-2.2511189395,96.6151173157,45.40164011253026,12.2368187624,90.8240756387
-11.610327569,100.0461670593,55.36993427520247,-2.2511189395,96.6151173157
12.6202758735,91.2861651102,29.61505879261162,32.4996226515,83.0157015947
4.0653069065,94.6627753504,38.8122861324438,12.6202758735,91.2861651102
-8.3782144854,99.5094709564,52.166319431275774,12.6202758735,91.2861651102
7.8424122205,93.1806999739,34.754829549798494,12.6202758735,91.2861651102
-1.5484667038,96.8344999213,44.831408072181205,12.6202758735,91.2861651102
8.7547699494,93.1578172163,33.90984838647076,12.6202758735,91.2861651102
3.9776371842,95.1532545131,39.083405214442976,12.6202758735,91.2861651102
1.8804991917,95.4022023522,41.116561553227996,12.6202758735,91.2861651102
7.6731464599,93.1141561478,34.88911232556445,12.6202758735,91.2861651102
0.5764918812,96.5392325101,42.75459645422947,12.6202758735,91.2861651102
-7.898977141,99.417136081,51.68658871695216,12.6202758735,91.2861651102
-2.1905919444,97.6135586206,45.72088736970625,12.6202758735,91.2861651102
40.2202921987,94.8768560557,14.87848697801043,40,80
31.013335789,99.3644425551,21.348109263141687,40,80
25.7850136659,111.4996325944,34.56167008196803,31.013335789,99.3644425551
35.6185752974,56.9109679793,23.5010698070846,40,80
32.7330548153,39.4416442379,41.2070998656398,35.6185752974,56.9109679793
32.5078800424,38.7362888324,41.94003363540861,35.6185752974,56.9109679793
28.9235329679,22.0402164186,59.016519749282565,32.5078800424,38.7362888324
24.3186041684,-1.6218665003,83.12252599895743,28.9235329679,22.0402164186
28.6676565836,19.0959149787,61.971918824372025,28.9235329679,22.0402164186
24.308584674,-0.7987102676,82.31704163041195,28.9235329679,22.0402164186
28.8026409397,20.4747491501,60.58664797692105,28.9235329679,22.0402164186
26.1670030419,9.5055479435,71.85070733609925,28.9235329679,22.0402164186
22.6380950716,-7.9049711361,89.61526097766206,26.1670030419,9.5055479435
32.2595924453,42.6739706347,38.12894932500685,35.6185752974,56.9109679793
29.435239457,28.6700896471,52.4148043052796,32.2595924453,42.6739706347
33.3623331139,43.0830394938,37.51185975593142,35.6185752974,56.9109679793
30.8825409179,29.8300535596,50.994849242964534,33.3623331139,43.0830394938
27.5379839995,13.116278101,68.03997614366307,30.8825409179,29.8300535596
24.122320266,-4.0877792894,85.57982646892309,27.5379839995,13.116278101
27.7200288424,12.9757868992,68.14325404596457,30.8825409179,29.8300535596
28.2189043621,16.3629851489,64.72280944395098,30.8825409179,29.8300535596
26.7483236564,9.6564945338,71.58766925705491,30.8825409179,29.8300535596
25.1616659735,-0.5639531904,81.93054285609935,26.7483236564,9.6564945338
24.4619479011,-4.3653770111,85.79472369195098,26.7483236564,9.6564945338
23.0312832958,-8.120666185,89.74927249752835,26.7483236564,9.6564945338
26.6054480287,8.9499152258,72.30854911076455,26.7483236564,9.6564945338
27.579566882,10.2270888379,70.87413150772561,30.8825409179,29.8300535596
24.6339317077,-7.7949167017,89.13527742602565,27.579566882,10.2270888379
25.0091171833,-4.8584382402,86.17708347385408,27.579566882,10.2270888379
23.8391320684,-7.9403476923,89.42262478005466,27.579566882,10.2270888379
29.7719457475,27.5460254242,53.458322926169295,33.3623331139,43.0830394938
29.7407136544,20.4793748414,60.403818676643866,33.3623331139,43.0830394938
27.9886476584,12.8736256047,68.20876305222413,29.7407136544,20.4793748414
26.9227077007,-1.3801770618,82.44426256881135,29.7407136544,20.4793748414
26.129438836,-1.8667012384,83.0398170415983,29.7407136544,20.4793748414
27.4843938446,6.1595095473,74.90035347380369,29.7407136544,20.4793748414
24.8915411196,-10.6680521178,91.92650150694034,27.4843938446,6.1595095473
26.2874725819,-0.3237174319,81.49157631078398,29.7407136544,20.4793748414
28.4140318572,14.2186705963,66.8035454079688,29.7407136544,20.4793748414
25.9931913865,-3.1128635217,84.29184149415084,29.7407136544,20.4793748414
45.1469255816,76.3819210016,6.291370167236356,40,80
61.2021808813,65.1695963436,25.874205686510365,45.1469255816,76.3819210016
80.5822537273,51.3480513005,49.67803585929367,61.2021808813,65.1695963436
100.5939054123,38.0360706162,73.71290704473878,80.5822537273,51.3480513005
92.6499044445,43.3114905865,64.17681173666159,80.5822537273,51.3480513005
111.6022600669,29.978964491,87.34895095005977,92.6499044445,43.3114905865
79.9557271376,51.7903441882,48.91113007812478,61.2021808813,65.1695963436
77.0113340891,53.6308898941,45.446407189545894,61.2021808813,65.1695963436
89.3569784875,44.9160250671,60.558118031294654,77.0113340891,53.6308898941
107.327216182,32.4196079019,82.4462400330456,89.3569784875,44.9160250671
104.5802610027,34.0894455366,79.23867356018178,89.3569784875,44.9160250671
103.0718913783,35.0121695063,77.47512694455769,89.3569784875,44.9160250671
101.750997867,35.977588858,75.83906558841858,89.3569784875,44.9160250671
110.918748421,29.8500415902,86.86605455819137,101.750997867,35.977588858
93.654440185,41.5047252333,66.03856224675684,77.0113340891,53.6308898941
53.5324495067,62.6860960904,21.974950699427,40,80
59.9812615824,54.4373068821,32.44537096752802,53.5324495067,62.6860960904
72.043519633,38.6450896652,52.3172655401403,59.9812615824,54.4373068821
84.4672073002,21.8674281971,73.19399755428238,72.043519633,38.6450896652
91.8876977752,11.9962942005,85.54320664913529,84.4672073002,21.8674281971
105.8207804149,-6.1901927429,108.45344669997648,91.8876977752,11.9962942005
109.2198849911,-10.9994336913,114.34264956791296,105.8207804149,-6.1901927429
109.5596307636,-11.2903109702,114.77722783648112,105.8207804149,-6.1901927429
89.6712804218,15.1117433336,81.72169683544155,84.4672073002,21.8674281971
104.5712859649,-3.4512195096,105.52492675708106,89.6712804218,15.1117433336
103.9804108648,-2.9010053847,104.72626878154408,89.6712804218,15.1117433336
108.6644912996,-8.7422100262,112.2136101777646,103.9804108648,-2.9010053847
101.8422232798,-0.7466872026,101.71223632601513,89.6712804218,15.1117433336
88.1586223317,16.759527737,79.49615528359017,84.4672073002,21.8674281971
70.9662429342,40.4554993122,50.22628090546727,59.9812615824,54.4373068821
84.884868841,22.4575231739,72.97832020325902,70.9662429342,40.4554993122
99.106850534,4.6239750541,95.78841011577907,84.884868841,22.4575231739
105.1021900464,-3.750715852,106.08790251306053,99.106850534,4.6239750541
111.2597379911,-11.0537391138,115.62482599857682,99.106850534,4.6239750541
109.8933635464,-8.555818539,112.8194353968182,99.106850534,4.6239750541
83.2539986806,24.7081857627,70.20043483772314,70.9662429342,40.4554993122
75.2776055247,35.2679981625,56.96965556032441,59.9812615824,54.4373068821
86.2765712226,21.7369792129,74.40713588971877,75.2776055247,35.2679981625
77.0792387092,33.2099861545,59.70485126750221,75.2776055247,35.2679981625
72.8851830685,37.6946575409,53.583665522241226,59.9812615824,54.4373068821
74.9680779742,35.0176629068,56.97550014959576,59.9812615824,54.4373068821
68.6524737166,43.4470700915,46.44442665405897,53.5324495067,62.6860960904
59.4342547931,76.7076712894,19.71115642730714,40,80
59.2211101537,82.383782568,19.368363247114353,40,80
34.7763555163,99.7630511555,20.441738005047398,40,80
42.0573039605,85.3784055248,5.758449928156723,40,80
45.1408836906,82.5735713356,5.749082930320192,40,80
63.5227964596,91.6429580924,26.24660700498698,45.1408836906,82.5735713356
84.6341408099,102.4953412484,49.98398429148551,63.5227964596,91.6429580924
97.3978667169,108.7630987727,64.20360044004741,84.6341408099,102.4953412484
103.8329158002,112.0856975524,71.44482992174531,84.6341408099,102.4953412484
90.2862139586,105.2126574743,56.25532691884968,84.6341408099,102.4953412484
95.0613186998,107.3315732286,61.478120993035944,84.6341408099,102.4953412484
101.7018385406,110.4027100667,68.79442786560584,84.6341408099,102.4953412484
39.082604984,96.2861406611,16.311958535029344,40,80
38.2354305452,109.6089218038,29.66164774137564,39.082604984,96.2861406611
38.6896272966,112.1594622259,32.190143852071685,39.082604984,96.2861406611
38.6638020958,108.4604821975,28.493501446503195,39.082604984,96.2861406611
38.5801558489,107.1274711552,27.164925964062988,39.082604984,96.2861406611
56.409534193,73.7159401467,17.571631132911165,40,80
71.2879035891,69.0212191655,33.17311442707665,56.409534193,73.7159401467
70.698351867,68.2379169303,32.87454095033583,56.409534193,73.7159401467
94.0622343985,59.435597709,57.84155580232401,70.698351867,68.2379169303
81.4748466114,64.1054090849,44.41622453932636,70.698351867,68.2379169303
104.7494774057,55.1918602963,69.33930201017114,81.4748466114,64.1054090849
87.5980763396,62.1522427849,50.836615358760525,70.698351867,68.2379169303
109.216430207,53.8297239905,74.00162222297858,87.5980763396,62.1522427849
94.4673146111,59.4077485144,58.23382315842707,87.5980763396,62.1522427849
97.2255061291,58.1806853557,61.25264816915657,94.4673146111,59.4077485144
107.2242205747,53.9345640555,72.11526392966108,94.4673146111,59.4077485144
27.1817791518,69.0272761358,16.873276347918132,40,80
20.4424342709,62.8623331366,26.00702101301021,27.1817791518,69.0272761358
3.2782441797,47.8654387584,48.79992040026973,20.4424342709,62.8623331366
-7.1672574198,38.0576363553,63.12826614021512,3.2782441797,47.8654387584
-9.7059182742,36.2729057572,66.20610596785396,3.2782441797,47.8654387584
-10.4477169169,35.7686328758,67.095677301439,3.2782441797,47.8654387584
-7.5415608982,38.6623041722,63.00435168545187,3.2782441797,47.8654387584
-5.1413487539,40.5885974471,59.928350866304434,3.2782441797,47.8654387584
-6.449311823,38.7762852861,62.112998805683254,3.2782441797,47.8654387584
9.4848829315,53.9424375693,40.126931768290945,27.1817791518,69.0272761358
-5.580524937,40.9647008479,60.01130162640402,9.4848829315,53.9424375693
0.214549183,45.8513947568,52.43156754519576,9.4848829315,53.9424375693
-9.2445763448,37.2532158767,65.21451461560466,0.214549183,45.8513947568
-1.5151434068,44.5829464051,54.569945799165225,9.4848829315,53.9424375693
-1.6157629301,44.911713295,54.43700931745498,9.4848829315,53.9424375693
-8.1630951925,39.6249103051,62.85230786696735,9.4848829315,53.9424375693
11.8832795368,56.2933728714,36.77795878239198,27.1817791518,69.0272761358
11.0884251446,55.7693026177,37.72441312766472,27.1817791518,69.0272761358
4.5606927144,50.7020649174,45.9880799040798,11.0884251446,55.7693026177
3.3005997783,48.9408521124,48.08192056137277,11.0884251446,55.7693026177
36.0778681633,97.4767478196,17.911444176680707,40,80
34.410077071,106.1034704843,26.69790370604769,36.0778681633,97.4767478196
32.9586775248,110.458745373,31.262908917142312,36.0778681633,97.4767478196
34.3076992104,104.5766072039,25.228650023084356,36.0778681633,97.4767478196
33.273859852,108.9187033842,29.69197089462164,36.0778681633,97.4767478196
50.7648737031,101.7959435991,24.30937397834099,40,80
32.0369835666,77.0760546211,8.482870227546165,40,80
13.1010805005,70.2034063537,28.62739104925179,32.0369835666,77.0760546211
-3.0333235927,64.5765152727,45.714839620647886,13.1010805005,70.2034063537
-3.9018713528,63.8178661241,46.789865983838155,13.1010805005,70.2034063537
1.7891090489,65.5338539161,40.86525924960881,13.1010805005,70.2034063537
47.1882535995,82.3973786347,7.577493921399131,40,80
65.0171814912,88.4561502541,26.407772286401737,47.1882535995,82.3973786347
66.1803829538,89.2761077315,27.776946671353194,47.1882535995,82.3973786347
88.2133375349,96.4133269553,50.937062945271066,66.1803829538,89.2761077315
108.1636378188,103.3098656672,72.04575138445448,88.2133375349,96.4133269553
106.4719458017,102.6976432975,70.24688965938995,88.2133375349,96.4133269553
96.5201139964,99.2552919395,59.716544715441174,88.2133375349,96.4133269553
99.4818652241,100.1570875724,62.81121385556423,88.2133375349,96.4133269553
106.4618268338,102.5678654293,70.19545606411704,88.2133375349,96.4133269553
87.38554629,96.9144212524,50.3158638050241,66.1803829538,89.2761077315
98.3062208808,100.3730224256,61.77112703174243,87.38554629,96.9144212524
108.5214500448,104.1412025361,72.6531150964119,87.38554629,96.9144212524
33.3154318675,100.905855937,21.948536706956858,40,80
40.4677721729,67.3769117866,12.63175232693459,40,80
41.0176006847,54.5151097046,25.505301339888547,40.4677721729,67.3769117866
40.8808857555,54.1854067189,25.829724473566948,40.4677721729,67.3769117866
41.3662044553,34.6507712056,45.37038768845955,40.8808857555,54.1854067189
41.496956922,35.2281164125,44.79702263232746,40.8808857555,54.1854067189
42.3100357052,12.978024853,67.06196528920002,41.496956922,35.2281164125
43.5187861615,-1.8571511745,81.94630354901246,42.3100357052,12.978024853
53.9332828336,95.0738532648,20.526992540794033,40,80
68.1529277558,110.664111506,41.62804592067895,53.9332828336,95.0738532648
59.3875715411,100.7664621144,28.41084063796754,53.9332828336,95.0738532648
67.5434064264,109.5064825374,40.36474069756832,53.9332828336,95.0738532648
66.3965812588,108.825840026,39.08638228064844,53.9332828336,95.0738532648
70.4722927674,112.2218160727,44.35117097471819,53.9332828336,95.0738532648
68.565345857,110.4120358793,41.725037597744446,53.9332828336,95.0738532648
17.9494608055,73.5286476409,22.980528282087203,40,80
-0.84541307,68.1946327062,42.51764678302165,17.9494608055,73.5286476409
4.3893180243,69.5010347071,37.12616853592667,17.9494608055,73.5286476409
30.1901015393,95.612570767,18.438722129362084,40,80
23.619079292,105.3992479032,30.226740739066244,30.1901015393,95.612570767
50.5783065561,83.1410244806,11.034790636099842,40,80
66.7109982124,88.0157807224,27.887890899678045,50.5783065561,83.1410244806
88.985366978,94.414605036,51.063146162614316,66.7109982124,88.0157807224
101.7189988638,97.8871849241,64.26178973240204,88.985366978,94.414605036
104.6100638209,99.0839883467,67.37063805851213,88.985366978,94.414605036
100.1262044486,98.4443507637,62.910386777046085,88.985366978,94.414605036
98.5650050917,96.8782332214,60.95450250162824,88.985366978,94.414605036
109.8870460602,100.6940950922,72.88772368020196,88.985366978,94.414605036
111.4136257665,100.6438316221,74.34038947330089,88.985366978,94.414605036
47.2393541809,62.8811990178,18.586597214785876,40,80
52.6368094442,51.0761213346,31.567058779218453,47.2393541809,62.8811990178
58.4598853228,38.5997353952,45.335443535492196,52.6368094442,51.0761213346
58.406020157,36.3219585319,47.409063458464786,52.6368094442,51.0761213346
59.7973244604,33.1747022049,50.847457689884564,52.6368094442,51.0761213346
65.3082059172,20.1945391212,64.94903377592368,59.7973244604,33.1747022049
73.6037257296,0.8755843003,85.97372555321013,65.3082059172,20.1945391212
65.793830035,19.4166023908,65.85556848375023,59.7973244604,33.1747022049
61.8834499768,29.4603231406,55.077547772492395,52.6368094442,51.0761213346
70.9538897157,7.4654305517,78.869314774005,61.8834499768,29.4603231406
77.4957672164,-7.6659941797,95.35434360734916,70.9538897157,7.4654305517
67.045207983,16.5803890459,68.95329813052295,61.8834499768,29.4603231406
75.5934062222,-2.7978766393,90.13321489388304,67.045207983,16.5803890459
56.98570922,41.40742019,42.168679686303555,47.2393541809,62.8811990178
64.5454562134,24.9253766911,60.301730519074425,56.98570922,41.40742019
56.4055504677,40.0810874598,43.16024654542847,47.2393541809,62.8811990178
61.1329584622,28.7021499401,55.482121622854756,56.4055504677,40.0810874598
65.3662533996,16.5106483743,68.3876823024967,61.1329584622,28.7021499401
66.0334982401,17.1806498335,68.0025151798147,61.1329584622,28.7021499401
67.830120085,13.7890906543,71.82994444620621,61.1329584622,28.7021499401
63.1412782655,24.4191483746,60.212602659958954,61.1329584622,28.7021499401
69.1176082816,9.8530977616,75.95262236822637,61.1329584622,28.7021499401
73.6342381011,-1.3160338334,88.00042073609524,69.1176082816,9.8530977616
68.2453348413,10.862548823,74.68725806535927,61.1329584622,28.7021499401
72.6243041215,-0.8510341079,87.19259280842022,68.2453348413,10.862548823
65.4964277709,19.0584023772,66.06709830988183,61.1329584622,28.7021499401
71.8131617755,3.9625206639,82.43129010742611,65.4964277709,19.0584023772
73.750950359,-1.3155231839,88.04968200531438,65.4964277709,19.0584023772
73.3845727207,-0.2109482278,86.88849844261712,65.4964277709,19.0584023772
68.6275262181,8.1027368443,77.4025314214692,61.1329584622,28.7021499401
74.0444662782,-4.4030229478,91.03107747717233,68.6275262181,8.1027368443
57.1961111099,40.9131704026,42.70570353698271,47.2393541809,62.8811990178
63.2380672811,27.2909810062,57.607692609790895,57.1961111099,40.9131704026
65.4622151974,22.1703487958,63.19037679700112,57.1961111099,40.9131704026
74.1296000404,1.0451147915,86.024541370138,65.4622151974,22.1703487958
75.9129567621,-3.0873809491,90.52541708969632,74.1296000404,1.0451147915
64.7175010177,24.0684593429,61.1533482871923,57.1961111099,40.9131704026
42.1919941858,68.0969582408,12.103191382104137,40,80
46.1271928806,46.75403494,33.805867802107905,42.1919941858,68.0969582408
49.2897317485,29.9511179858,50.90381125331629,46.1271928806,46.75403494
49.3777692516,29.691363143,51.175410559355214,46.1271928806,46.75403494
45.8246683932,47.9983721677,32.52742904315085,42.1919941858,68.0969582408
48.9216582973,30.3855098887,50.41050104225431,45.8246683932,47.9983721677
46.3638913185,45.3026610545,35.27612192407907,42.1919941858,68.0969582408
62.0024545383,77.4077259215,22.15463587170914,40,80
85.3953034902,74.6630079742,45.70795535531144,62.0024545383,77.4077259215
107.1142696296,71.9902964852,67.59075400785669,85.3953034902,74.6630079742
96.0281078755,73.5255747344,56.40142455249234,85.3953034902,74.6630079742
47.4833595178,94.3639995683,16.196454959983388,40,80
48.4443538607,70.8971154726,12.416505903187787,40,80
46.5561315968,93.9504125193,15.41417759639487,40,80
52.4428351612,106.3783859036,29.16582481758219,46.5561315968,93.9504125193
38.2112025574,103.5412784361,23.609142015258396,40,80
58.8899075333,77.3082181164,19.080731021779567,40,80
74.9826188066,75.0589729896,35.329868222450585,58.8899075333,77.3082181164
98.7016361275,70.8956571793,59.411499836721404,74.9826188066,75.0589729896
67.5941708151,76.017799384,27.880127579715833,58.8899075333,77.3082181164
88.2158465139,72.9687020604,48.726002546127376,67.5941708151,76.017799384
110.8116789533,69.8370886093,71.53781190962486,88.2158465139,72.9687020604
104.3981356618,70.4168499137,65.1082622023793,88.2158465139,72.9687020604
103.6635038241,70.4574380621,64.37645184455116,88.2158465139,72.9687020604
104.257091392,70.5480353193,64.94886187211048,88.2158465139,72.9687020604
111.8729255568,69.405451257,72.64992666258345,88.2158465139,72.9687020604
111.1321637944,68.9135680142,71.99834041393072,88.2158465139,72.9687020604
58.7884220923,85.8618772071,19.6816261805153,40,80
72.4877306816,90.8211504638,34.25095859691271,58.7884220923,85.8618772071
78.2090500033,92.2552458226,40.1275536652535,58.7884220923,85.8618772071
100.8036567404,99.8421776453,63.961936142811055,78.2090500033,92.2552458226
99.7695565196,99.7930758937,62.96774463249793,78.2090500033,92.2552458226
107.9849231495,102.3669869792,71.57688321540704,99.7695565196,99.7930758937
110.9173168519,103.1345908423,74.60554006712036,99.7695565196,99.7930758937
73.6124335748,90.3865047031,35.180773589674644,58.7884220923,85.8618772071
90.8527349028,96.192761377,53.37254663254891,73.6124335748,90.3865047031
112.3426764184,103.6610102258,76.12320216621455,90.8527349028,96.192761377
110.453538567,102.0914337389,73.84169023738883,90.8527349028,96.192761377
78.3254563956,92.4822451386,40.30988303650666,58.7884220923,85.8618772071
92.87927688,97.6070932981,55.739651646245164,78.3254563956,92.4822451386
88.036937037,95.9162263614,50.61061520887334,78.3254563956,92.4822451386
109.2573135878,102.5024133126,72.82957646978514,88.036937037,95.9162263614
91.7440094447,97.2993540629,54.56688497660899,78.3254563956,92.4822451386
49.0539216778,98.615267538,20.700282202401326,40,80
48.4391481884,62.9744312156,19.00234760702242,40,80
61.2730506108,41.6350467397,43.90372068558912,48.4391481884,62.9744312156
60.8612038506,44.7960220062,41.01965961960002,48.4391481884,62.9744312156
24.0545722239,88.4979549511,18.06853356843732,40,80
15.8655307533,93.0298620916,27.427945010260007,24.0545722239,88.4979549511
-5.0464153716,104.6986048604,51.3751588050868,15.8655307533,93.0298620916
-3.8281502207,105.0103021188,50.479452847081134,15.8655307533,93.0298620916
11.3562560267,94.8487844516,32.26643022915763,24.0545722239,88.4979549511
4.4568112012,100.4715893221,41.03459890739454,24.0545722239,88.4979549511
10.1941507493,96.1454382903,33.898735237301004,24.0545722239,88.4979549511
-10.3853108586,107.9859503702,57.64135443538629,10.1941507493,96.1454382903
2.8538143349,99.5755883422,41.98894528344778,24.0545722239,88.4979549511
31.9015062895,86.8216684502,10.588709119787078,40,80
16.7673232594,99.5967133701,30.393891994328527,31.9015062895,86.8216684502
19.743253396,97.1524117452,26.543249866843656,31.9015062895,86.8216684502
7.5881806689,107.5154283111,42.51628668975895,19.743253396,97.1524117452
6.7141162218,108.6465303049,43.917747757964435,19.743253396,97.1524117452
8.3529046997,107.6772307199,42.05169459458822,19.743253396,97.1524117452
2.3088452365,111.344806467,49.02396728892378,19.743253396,97.1524117452
9.1311006893,106.004013064,40.362389889916805,19.743253396,97.1524117452
10.3904758119,105.5714558099,39.127158301865094,19.743253396,97.1524117452
35.4183359924,88.2255740937,9.415503929662282,40,80
26.9586902553,103.8734762786,27.203771096124346,35.4183359924,88.2255740937
28.7790765463,75.2045931485,12.202665693413383,40,80
57.8031194377,91.9369850056,21.434613892882016,40,80
73.9841249885,102.6674653686,40.850281521262694,57.8031194377,91.9369850056
30.2966466704,90.0656373888,13.981134499097983,40,80
30.6612860751,72.7254177676,11.837699287744677,40,80
33.6870718412,93.2363987062,14.664764322949862,40,80
57.8981993632,94.9586411863,23.32609025501967,40,80
76.6029345004,110.4412644028,47.607332772998625,57.8981993632,94.9586411863
71.8279882489,106.6304961304,41.49945582764498,57.8981993632,94.9586411863
20.9952149252,89.2452018587,21.134228472964203,40,80
14.0028069628,92.6037540968,28.891395626550715,20.9952149252,89.2452018587
56.1493544541,75.2370342934,16.837086790962594,40,80
79.7026320564,67.9321829171,41.49713016969247,56.1493544541,75.2370342934
97.8044798849,62.6084935763,60.36558434600266,79.7026320564,67.9321829171
103.2114533279,61.4809040002,65.87506439798526,79.7026320564,67.9321829171
89.6623190119,64.7116959156,51.96455109265086,79.7026320564,67.9321829171
106.1710006045,60.2960327721,69.05357239062795,89.6623190119,64.7116959156
44.1880056264,58.004454069,22.39069967485359,40,80
46.8583528824,44.0136776998,36.634034181934155,44.1880056264,58.004454069
50.58660445,24.0898443987,56.90369113910374,46.8583528824,44.0136776998
55.1969243453,-0.0453572949,81.4752806344488,50.58660445,24.0898443987
54.6933704509,3.632449802,77.76922541626134,50.58660445,24.0898443987
53.8174690155,1.0542599567,80.16474520862337,50.58660445,24.0898443987
55.589754952,-6.8822363725,88.29671738172632,53.8174690155,1.0542599567
54.9752664373,1.6957143748,79.72380098910472,50.58660445,24.0898443987
53.8179823739,5.0821103181,76.18414129375186,50.58660445,24.0898443987
55.153054222,-2.684868725,84.06502831841753,53.8179823739,5.0821103181
48.3400796994,37.1517617746,43.652743203936296,44.1880056264,58.004454069
48.2025464672,36.9301992589,43.84392213590765,44.1880056264,58.004454069
47.6773484524,40.8543958414,39.89212848987975,44.1880056264,58.004454069
52.3102886405,17.0428058587,64.15023955176441,47.6773484524,40.8543958414
57.330911214,-6.5521143558,88.27340084862098,52.3102886405,17.0428058587
56.1586498604,-3.3811672217,84.93361176292721,52.3102886405,17.0428058587
54.1192544621,94.4522711937,20.204491808055494,40,80
71.8056124958,112.1068607546,45.19432560222195,54.1192544621,94.4522711937
64.4913174796,105.1441090626,35.100635210085265,54.1192544621,94.4522711937
69.7341069984,110.8725202019,42.86388714909863,54.1192544621,94.4522711937
