ASP_path_turn,Astar_path_turn,RRTStar_path_turn
4,7,22
